camera_matrix:
- - 481.20523863257904
  - 0.0
  - 387.2217434251956
- - 0.0
  - 479.24916930455015
  - 214.05428359414026
- - 0.0
  - 0.0
  - 1.0
dist_coeff:
- - -0.4201000120728253
  - 0.3929135820200905
  - 0.0016937504404133067
  - -0.0040000920658609905
  - -0.40006125873163056
