0.3330218474096234, 0.31735000000703284, 0.2530504469668311, 0.2649207801577129, 0.2692305162602968, 0.2921577802701165, 0.2791423996304063, 0.2902766974108677, 0.30090354814144993, 0.31095410142247815, 0.3535665483671715, 0.35128781294202605, 0.40066694382547485, 0.39983134587060887, 0.3739134840988598, 0.40163937565816377, 0.40487405862316117, 0.36527252765819473, 0.36851587702310584, 0.37934405573267393, 0.3823470271006917, 0.37386751201063495, 0.3862168126320833, 0.3870825629193231, 0.4058958308830325, 0.3960089980075583, 0.3886288647303253, 0.3986081378959234, 0.40319847037570566, 0.4204208583774647, 0.45374724316824144, 0.38449835394610865, 0.35326361527485695, 0.3470690131293739, 0.32693943381123614, 0.3324344493539588, 0.3402503433576334, 0.34438974539856093, 0.32828926610151865, 0.3462093613558166, 0.4177345462734767, 0.3759440963172471, 0.3439550357560184, 0.2916019509763774, 0.37501465520108956, 0.3670023627856671, 0.3585235586109523, 0.37024359312319044, 0.37054433425441435, 0.339130779504057, 0.34092859506061624, 0.3521432973528402, 0.3612369046294095, 0.36922599450346016, 0.3673130164140759, 0.4614939002973304, 0.448975232866093, 0.4426077928131811, 0.4388926168880136, 0.4359446397687541, 0.42572525963410235, 0.43806856633513824, 0.4391120639397226, 0.43965482961920044, 0.4287727611537717, 0.4335529684185766, 0.43695759146827307, 0.44203508060272867, 0.44032954482327114, 0.4410231469123831, 0.43680360453721656, 0.4093435128429863, 0.39734963680682345, 0.40669017948062747, 0.4083945363068555, 0.3771532531276114, 0.40374730067693587, 0.40991947101384607, 0.39112126908586253, 0.40086737514210324, 0.38640995755058705, 0.39892865916169806, 0.4110086600077465, 0.4159455335475797, 0.40252328139642457, 0.3975427696139391, 0.40474453556151624, 0.4086913069795697, 0.41663137688920004, 0.42857988624493193, 0.42579146090059217, 0.425579420999459, 0.4187228955094535, 0.4059010078269074, 0.41102585591067387, 0.4237179394135073, 0.42526417492433866, 0.433260448996569, 0.44077594876325854, 0.4427984293718632, 0.4519024844032016, 0.4384355039148149, 0.44562237869942667, 0.44094418163139304, 0.4347929747010122, 0.413597576102398, 0.41341121707196526, 0.4284593785453137, 0.4360756684147522, 0.4442885067827187, 0.41554415757908414, 0.4198300881753092, 0.40884922269249957, 0.3989789400264858, 0.4044212090978092, 0.4043584651281027, 0.4044599140751195, 0.39969523126452877, 0.4048909402818708, 0.4214027670452871, 0.4094744444275198, 0.40993020976001504, 0.39976525089407966, 0.40918202848270857, 0.40852490258126206, 0.403916267369574, 0.40563460521053574, 0.37238011457789333, 0.37231549633978034, 0.3955900054755481, 0.38176070242713256, 0.3697593101076708, 0.3673732729445316, 0.3859324282964489, 0.37564074502817735, 0.3839239849127045, 0.3982811381962319, 0.4061493316178826, 0.3947281092532249, 0.4253834033480366, 0.4190471166222045, 0.45209786896738224, 0.4410370696584658, 0.4295006260096379, 0.4507281236352578, 0.4433985648809764, 0.4451115636701397, 0.4312723524158195, 0.4410766436041218, 0.4497014288693073, 0.4312080213014102, 0.4400782115080557, 0.44348803449331076, 0.4372845377110224, 0.42858883785263235, 0.43117694927847294, 0.413162084939783, 0.4219624003111251, 0.43981647239386534, 0.44230248507114656, 0.4423686533180522, 0.4362230313996509, 0.43851857660924765, 0.4312199385747393, 0.37956545830199784, 0.3785906523024789, 0.38235848454137145, 0.37835061500498246, 0.36866026210136416, 0.386096414965601, 0.36643500261899065, 0.39186171901044253, 0.3915197698664532, 0.3918982504626587, 0.38742658493480264, 0.39628967575600704, 0.40520255528546567, 0.41075040489940173, 0.3965513604383648, 0.3959795108970041, 0.4113354695867535, 0.3711321375323884, 0.4168302431645079, 0.39900790729038826, 0.3776170487923274, 0.3331359340319753, 0.3348004308677146, 0.3554137912240032, 0.36792232837888017, 0.35217765227648457, 0.3574944970319269, 0.3633747915765837, 0.38464694887102446, 0.3574821543028919, 0.3851483231534818, 0.3721579085596516, 0.39200034800142736, 0.3795553114432597, 0.36169195989035785, 0.3801520382439585, 0.37666058045157635, 0.37070848318624905, 0.3590269499034402, 0.32674568684131367, 0.3385499250592583, 0.3486332867734667, 0.3271420728040786, 0.3605066243023596, 0.3315987505679221, 0.3270606091550792, 0.3570866160791142, 0.336948740428644, 0.3398377957484766, 0.3683595698230828, 0.39105117169836445, 0.3977863575754894, 0.4142637296903622, 0.3901638040874835, 0.3757652892299965, 0.3958627152233334, 0.38926302939341695, 0.38861206006549587, 0.39576754740892994, 0.40954537873894803, 0.4048175689504576, 0.37848323237960346, 0.37437909070260433, 0.4051538415243774, 0.3761106896927351, 0.39693856127087246, 0.37610690872136354, 0.373834979497752, 0.3853525926384169, 0.39150194489347645, 0.40688776450566944, 0.38079699628575936, 0.39460371126575033, 0.40917944370021986, 0.4103950663231859, 0.40867256195068125, 0.38561048528556263, 0.3689673758436074, 0.37734204077492794, 0.37270692104686454, 0.38172979913795047, 0.3595182525817677, 0.3638763570739214, 0.36867919704891006, 0.37154865865867914, 0.3741813257764899, 0.35853630843798623, 0.3755692663822121, 0.3812313515733059, 0.3534766444634889, 0.35525351777530245, 0.35256154470876155, 0.33909090185433, 0.3613140852684198, 0.3436088518998317, 0.35123047643955685, 0.3446466232515424, 0.3433563067218832, 0.34599812997677115, 0.3724207328100293, 0.35501293204809947, 0.3648945024779635, 0.3650208332998994, 0.35824883217444814, 0.37564235303278637, 0.3690688229984245, 0.37412798020712823, 0.367493942356661, 0.371909680976813, 0.36971575969684967, 0.36444232936618604, 0.3662767824505002, 0.3612992943595661, 0.385613975655307, 0.3731302994162504, 0.37454160767800704, 0.36222436964844573, 0.36219413875171735, 0.37460391718454855, 0.3841083333321036, 0.37088074144780037, 0.381149810046995, 0.37211607127853696, 0.37682152058125773, 0.3598464000731332, 0.3652609650944256, 0.3657717049745248, 0.3693274599065093, 0.3951842987368639, 0.37933472190129014, 0.3755589166078628, 0.36567242180489234, 0.3586498960799027, 0.36611671273851876, 0.38552734079832285, 0.3857412049649285, 0.3625636966845669, 0.36266467063599706, 0.37456234375184083, 0.35893914390824366, 0.3751314231196563, 0.3658615000513701, 0.3696966253106573, 0.36620139658508877, 0.35493792607163877, 0.35189148522239844, 0.35398423042659655, 0.3595951494483942, 0.360429999573171, 0.36184077410153836, 0.38257389802176234, 0.3747480871948823, 0.3765930974423404, 0.353663933904651, 0.3457676107281509, 0.33542815133259385, 0.34464583354192335, 0.34579490554160297, 0.3351088699929172, 0.3488307462237361, 0.33970913948637005, 0.34106338836457084, 0.34485401031259566, 0.34004961545396206, 0.35407340835636014, 0.3447056110479776, 0.34279981134635173, 0.3502743888811606, 0.3451531301491533, 0.32853859262525353, 0.35641732064472986, 0.3747559970839729, 0.3929758652612181, 0.4149798983612554, 0.43545940241996295, 0.46264712788616924, 0.43752259233847335, 0.43418004325116977, 0.433457687967846, 0.4570116675354674, 0.38500746456768065, 0.4100928918910738, 0.44842105817601396, 0.4292036105880621, 0.4040141943752156, 0.387211532289891, 0.37150743993421753, 0.4203072652517743, 0.41745654130568877, 0.4162152366622325, 0.41626297963614345, 0.4229866366718602, 0.3644362382777038, 0.3538150123234507, 0.4189360124651562, 0.1745552324077948, 0.24298740621738357, 0.2554719173918407, 0.5115652718599142, 0.47774069007283515, 0.4331976077484425, 0.4479224681854248, 0.4387185573577881, 0.44025254249572754, 0.441786527633667, 0.44025254249572754, 0.441786527633667, 0.33631061361889536, 0.34353060799351676, 0.3179740048388686, 0.2204908190579884, 0.09719898266378513, 0.0087, 0.0087, 0.0087, 0.0087, 0.08172025887873757, 0.1274430745483759, 0.33959898212973094, 0.3479303760457706, 0.15177675826440407, 0.010089661882093592, 0.022888288073826146, 0.03978955997943401, 0.3678890864295292, 0.26110592985487413, 0.05028425179462248, 0.4207937837797149, 0.32436579642879115, 0.403882188015964, 0.0087, 0.0087, 0.0087, 0.0087, 0.0087, 0.07910137333233602, 0.0087, 0.20023537377004086, 0.20048744327943568, 0.22749628381901732, 0.26570571815365684, 0.29345111171979377, 0.3587832742964634, 0.32456392317951654, 0.32728195418175643, 0.31530214351757424, 0.31709582983396634, 0.3234927506976415, 0.3397641801703226, 0.370373588590335, 0.3865994946186826, 0.34440847501306604, 0.31507637992264614, 0.3376666682652041, 0.3910487274948813, 0.38440989351890154, 0.3894721231339249, 0.42979208101585753, 0.4272609066882356, 0.41713723223121946, 0.4338317118673025, 0.4535913054293732, 0.43931071533747934, 0.3865726782934775, 0.3818383409574566, 0.39038226894547856, 0.3900435058467022, 0.39045311265767557, 0.45270016191116147, 0.42781039383530106, 0.4121583549689811, 0.41844018575330844, 0.4415276294485544, 0.43373879142287786, 0.43321139569509626, 0.43486218206507044, 0.45018568998150554, 0.46510532549149364, 0.4615413553143801, 0.42391507314979693, 0.39919560625405515, 0.3757501659245832, 0.343895133928787, 0.3470034345520512, 0.35806277759363403, 0.3324388822912747, 0.3413059619753447, 0.3797088054089013, 0.36665306342307535, 0.34861107105134814, 0.3736207009982544, 0.4004323557973408, 0.3934754786849053, 0.39642293459201405, 0.38216804817100636, 0.3938966184366013, 0.3933341126441119, 0.38733265478287127, 0.3906105164823961, 0.38131657090113524, 0.3827628930875677, 0.3895726140120137, 0.3779871568122921, 0.38376435121182295, 0.3688494062052896, 0.36928332955162535, 0.37502106146112846, 0.38005742438642764, 0.366670621627307, 0.3620454241689357, 0.3714863298791844, 0.379004968573873, 0.38637117921036856, 0.38872412522467736, 0.3789305159753933, 0.38739669057143344, 0.39176140070678755, 0.39629645114385137, 0.3934995983374294, 0.3802711621535899, 0.38041705752236377, 0.3911106805596347, 0.3936572715937756, 0.4099245778698206, 0.38746244628390536, 0.3612024889899168, 0.36914935737559995, 0.367785521431258, 0.4004860887309736, 0.3793156328982641, 0.37881285637335527, 0.3735840828571033, 0.3865370008569369, 0.3670783771546111, 0.3840525975963853, 0.37600565616954706, 0.37762703055748137, 0.3893608067156, 0.40016259185313485, 0.39338081699870076, 0.39604996181534124, 0.3896735122377808, 0.379047203770172, 0.37581822229964423, 0.37748442148453965, 0.36338291764005604, 0.3745697366101377, 0.35955884445005903, 0.36374771263360106, 0.37812630623609245, 0.3768855042785382, 0.38883133748415144, 0.3757552403230291, 0.3921007250330695, 0.37985438006016614, 0.3788508437724982, 0.3904085227007341, 0.39631800386066574, 0.3915673775171866, 0.3795436383227724, 0.3936874854310728, 0.3913113489709217, 0.3817115334017369, 0.4053819413562407, 0.3924859929993465, 0.3936140698692332, 0.380058120175629, 0.395321143384469, 0.399830090775978, 0.4005888271855953, 0.40698420363360466, 0.41399970209533965, 0.38354973365293055, 0.36715062279677046, 0.38615759550672446, 0.37753634687587145, 0.38085827843333786, 0.3869185258886938, 0.374558869009074, 0.36925544215298345, 0.3798771368298972, 0.38564438866647777, 0.37487955821197194, 0.3886460776670415, 0.37617822824434644, 0.3784242071568158, 0.389804546844823, 0.38748595148984855, 0.4016826742491588, 0.39754964135372783, 0.39210901797292097, 0.38339499818057976, 0.401817844226807, 0.3716363521495789, 0.39722955118633907, 0.39753950037377495, 0.3996777631675281, 0.3987607972003071, 0.41012736329325183, 0.4071542616362198, 0.42813611293340736, 0.4225995785551675, 0.3944897425712879, 0.40223131499549925, 0.40431854486624896, 0.41316508211655, 0.3940781405066087, 0.39324876556898003, 0.3972075266608517, 0.39508559255846, 0.4104653256083002, 0.3970099550767481, 0.38628333054285235, 0.4042313930557315, 0.3958344228638846, 0.3927486638968525, 0.38425897051959046, 0.3930374419451623, 0.38776093418120827, 0.37081062294293154, 0.3733762436689765, 0.3953776850888533, 0.3858249308334323, 0.36181228340544247, 0.3819848344810941, 0.39579997506150355, 0.38476767491059216, 0.39428554083143696, 0.3883523091268257, 0.3868877857887547, 0.3856604162414181, 0.3753634303159874, 0.35807099284558785, 0.3933006620059929, 0.3791940160615217, 0.39188491781394874, 0.39414186381130367, 0.3952462828673067, 0.4028498907325011, 0.397264534062173, 0.4038009946828447, 0.40924284194935345, 0.38835396979518366, 0.3962642285297451, 0.39603833467438876, 0.3924742981072187, 0.3994915534400352, 0.3998847368616707, 0.4135588869425575, 0.40502089019575416, 0.3944909383003228, 0.3828695627093015, 0.4024188344418269, 0.39900045578233967, 0.3939053351806041, 0.41195533685452523, 0.4186374206188854, 0.4104888336731023, 0.43422649144479664, 0.43587566141679845, 0.42139190621070566, 0.4325304011486, 0.4266560612238255, 0.42485654936922956, 0.41295382214454124, 0.42580247480023026, 0.41655994793329465, 0.4221698570394148, 0.4076410566787716, 0.4128543300107852, 0.42948695480397037, 0.4262692319472676, 0.42462816077506416, 0.4253910504827365, 0.43698110854217465, 0.4277617983405819, 0.4315275942564818, 0.41054199915975653, 0.4136352999811548, 0.41613729991864323, 0.4138086622211725, 0.4059139506534537, 0.40955754581248005, 0.4049529042208613, 0.41324054960258927, 0.41733972585047163, 0.42689151965011507, 0.41963299802062837, 0.4129100425489045, 0.43116522317104033, 0.4428623917319694, 0.4070246176366594, 0.43200269180134176, 0.39574238123270944, 0.38700693931239494, 0.2521575060335739, 0.152233528659925, 0.12142662637518153, 0.16370558006605163, 0.42284738978237235, 0.36995187893816683, 0.3969734227413233, 0.38859179865277516, 0.3747940802804113, 0.3635750675420435, 0.37784168771637483, 0.35529633015142736, 0.43341047520647313, 0.401270479248085, 0.40036892890930176, 0.40036892890930176, 0.40823162444903915, 0.4015040623378556, 0.4090114516515231, 0.3982269916785057, 0.4118142488709158, 0.4151730683181325, 0.4064920616823817, 0.40729925131553024, 0.3997093069498703, 0.42467537018266555, 0.41411124211333883, 0.40042191075248246, 0.3927265475157662, 0.41265857662317273, 0.4218631285668897, 0.4108854035180356, 0.41773193479181003, 0.40754334140670245, 0.3920055725566194, 0.41441327354169255, 0.40940372739972863, 0.41755193502372157, 0.42043020187434577, 0.3930485630802065, 0.4050012147485058, 0.40769068612708903, 0.41301740592895064, 0.41228560708555295, 0.42941975576327795, 0.42485750882650253, 0.4150008356022483, 0.3988666067766822, 0.41804975321808757, 0.4175726014512937, 0.3962142117973515, 0.42246632292997455, 0.4181143742436013, 0.4133556631549511, 0.4225397472674013, 0.4180028364018733, 0.426147685780232, 0.43152185640961216, 0.42317129035804646, 0.39938901821511785, 0.38717338712549276, 0.36691471513746743, 0.39716953829547275, 0.3994197859480788, 0.39202239231703984, 0.38615882335224416, 0.38289576120603463, 0.38760038450984746, 0.4033924533656026, 0.39088295034187714, 0.3864384642523311, 0.3801628724037789, 0.39308332017105196, 0.38333105190956407, 0.38784478212126383, 0.39083614223323027, 0.37655729832517437, 0.39017895197762575, 0.4028118381948753, 0.39010160285776685, 0.40772065118507395, 0.39404481092979804, 0.41103297897365065, 0.4228574230434905, 0.421471958994295, 0.4081759534855136, 0.39265193213702343, 0.4165233775575785, 0.410310416765997, 0.4074928618589271, 0.39730540327906727, 0.4142856672023778, 0.4033298315767688, 0.40826085871225515, 0.4056498808015394, 0.3922297434301738, 0.42092515040957856, 0.40798780689955993, 0.4122432530975366, 0.41542700550984635, 0.4188171114183137, 0.41697698532386807, 0.4166732708411627, 0.4195976400424899, 0.419163661007536, 0.419089466519148, 0.4227352504593995, 0.41306512179039556, 0.40107658955664083, 0.3962710112647738, 0.39671839424405775, 0.4031529349367813, 0.4014342834254887, 0.40619397426030823, 0.39172486771747406, 0.37633847128664355, 0.40746745419860586, 0.4037055168312176, 0.4178052240651522, 0.40248631016005576, 0.4053166667414507, 0.4139787537041715, 0.40979439775692006, 0.41463349489470436, 0.4120171769427621, 0.4259911046150475, 0.40548111547491583, 0.41916386912955006, 0.4187021299840763, 0.4295534986790446, 0.4208901459272463, 0.4153130295992833, 0.43005190945150895, 0.4251638213675568, 0.41839732509353733, 0.42091811908820453, 0.40580084990363496, 0.41199997953683587, 0.43412764579078766, 0.4100987489537167, 0.4086724309412133, 0.407046344031029, 0.39335443218474153, 0.39855677791963506, 0.40223155265536836, 0.3981959668822197, 0.39836697792433595, 0.3988349437713623, 0.3988349437713623, 0.3988349437713623, 0.4017358474842503, 0.39760928164784404, 0.4108690089074911, 0.3988349437713623, 0.4019029140472412, 0.4019029140472412, 0.4019029140472412, 0.4380910386552124, 0.4118274247075535, 0.37923129093868857, 0.38360536992240934, 0.36936988354898603, 0.3720573090933743, 0.3713542981644604, 0.3877805833622596, 0.3996025127477454, 0.38042736053466797, 0.3834950923919678, 0.3850290775299072, 0.3850290775299072, 0.3850290775299072, 0.4189586854837477, 0.3874041033543223, 0.37242250432390755, 0.38319519800668367, 0.11353981245695888, 0.0087, 0.05374101464728698, 0.3787368234269468, 0.33461871191525305, 0.36674906500794235, 0.37035957205772885, 0.3830073567886718, 0.35044269587243804, 0.3680133421631364, 0.39736696580221476, 0.3937639182384314, 0.39935070620572954, 0.3937438109227882, 0.40309436532865384, 0.3995542451818852, 0.3872064521702623, 0.3963677821065721, 0.4063046891926516, 0.4119720463807368, 0.4032595928717895, 0.416875354553947, 0.40842987290813904, 0.41396712901002486, 0.407584435879462, 0.4105494054253367, 0.41218256103501294, 0.3998994839181049, 0.40544290807050887, 0.4175719295825142, 0.420137040637129, 0.41128486047147494, 0.39089921459149957, 0.41524863529793077, 0.4315873783665527, 0.42432307200161135, 0.4261572421974089, 0.43302507448528793, 0.43748390755428224, 0.42222786627462683, 0.39013051355498374, 0.3773576711299498, 0.4235963195609789, 0.41498990415274273, 0.39946198913902164, 0.3883660190096929, 0.4000867365559635, 0.4234939698804372, 0.4300021419625, 0.4267555813896684, 0.4233559859543925, 0.4313386915545565, 0.4383811127329902, 0.42323092941626417, 0.4133990408238042, 0.4236895840957373, 0.4227145127172136, 0.40798989288846266, 0.4113856222029417, 0.4019029140472412, 0.40036892890930176, 0.3988349437713623, 0.4019029140472412, 0.4019029140472412, 0.4019029140472412, 0.40343689918518066, 0.36605470426280884, 0.37171493040605963, 0.3608180825938512, 0.3691783912486508, 0.3661066754141733, 0.36895757592871803, 0.35355373778448396, 0.3714533653484171, 0.3964995858454399, 0.3727574348449707, 0.37735939025878906, 0.3986794178723443, 0.37239471725983764, 0.3537405226433148, 0.3774686773432958, 0.3779982083861362, 0.3929208545291918, 0.40401741214427056, 0.3960839168358361, 0.3946301172686377, 0.37936804335880003, 0.38888479877596227, 0.3976716612308535, 0.3999640526681407, 0.40032990858790685, 0.4228085577148497, 0.4163513598622641, 0.4290486346281195, 0.44034865290082825, 0.41257899465384007, 0.413243253058287, 0.4058351652723615, 0.4361905907855683, 0.4459113514552464, 0.4086570785505088, 0.4100266947792668, 0.4239346201612333, 0.41956724273213086, 0.416512583359822, 0.41076383333843647, 0.4199907079978824, 0.41514572952780604, 0.4052876046795977, 0.4133383974849787, 0.4164492718241324, 0.4022615132951184, 0.40676734447375384, 0.40800766905579633, 0.3897567552082619, 0.36705943748494674, 0.3860474722585705, 0.39489338374376715, 0.41209352407913946, 0.4075477981840734, 0.409570999036704, 0.4126945580428445, 0.40232220015385, 0.3958641243482839, 0.3985520411959813, 0.3895954616041051, 0.3857429971392434, 0.3780891531638917, 0.3863740267628699, 0.41230774430633765, 0.3966387450864881, 0.38709339869304005, 0.3978843555566207, 0.395007702358402, 0.38365363774878203, 0.3921246094742712, 0.40055301717490255, 0.3954284715765628, 0.4056180591864036, 0.39243890036240603, 0.3875275232678326, 0.382270284586931, 0.39788562259655635, 0.40638062072598236, 0.39158261563514807, 0.3348876089603361, 0.3850290775299072, 0.37122344970703125, 0.3727574348449707, 0.42195612944003735, 0.42348852156254524, 0.3973347311408766, 0.3960278727832578, 0.37109674189625275, 0.36227180344869603, 0.3840405778233589, 0.35035741976931223, 0.3363989327369432, 0.37138744638563614, 0.3851400554704787, 0.3963734353827524, 0.38201539917393923, 0.3975695246432467, 0.38947392057286634, 0.38849062790015343, 0.37574050872725406, 0.3844124944211831, 0.3784749659221218, 0.3923047348081923, 0.38753468357224996, 0.3848276045271666, 0.3718302261456581, 0.369984333199912, 0.38078445449074927, 0.3676467364888045, 0.37258095123752266, 0.37509914907031594, 0.3777568706263277, 0.38110380309602854, 0.3678662486446218, 0.36444389132510446, 0.3748689263516758, 0.3766504298245097, 0.3721752199579138, 0.3691461002877263, 0.3842055328442455, 0.3768925409264827, 0.3668787226562684, 0.36961908526817444, 0.38400660670026543, 0.3864743487230484, 0.4002025898777257, 0.41653144574768297, 0.40681827860493347, 0.40325291664222274, 0.3866167382729113, 0.37845631817665604, 0.400541306379661, 0.39169115903099616, 0.36668860324341845, 0.3837487114147713, 0.37974001045935313, 0.38574627776153414, 0.3954851625624993, 0.4044875439651372, 0.41167591275652105, 0.4056906917476988, 0.39774645074572046, 0.39890621376712265, 0.412750883761247, 0.39828918973775496, 0.39230870837214615, 0.3841025076695337, 0.3799929912760207, 0.3949267060023758, 0.3893007531786319, 0.39033926311521205, 0.3832493365857854, 0.37137777073959954, 0.3957108101681057, 0.37304903898222386, 0.4009960417819358, 0.3964919819193935, 0.4100433698611945, 0.42648148020968235, 0.38835407263443766, 0.39376424815148137, 0.39790267753822217, 0.3919437653913389, 0.3985727731692452, 0.39980790213684814, 0.4071385265605232, 0.3947633430463058, 0.3948772990176894, 0.3929986263812908, 0.3943130145473246, 0.3930422306848158, 0.40736322375992073, 0.39831527719314264, 0.390354237571942, 0.391771758111779, 0.3948791906609668, 0.41373561578826146, 0.40032846842726877, 0.3994351718455884, 0.38951879735452133, 0.40933569788614554, 0.41378741588576506, 0.3946757333921045, 0.39697144204702073, 0.39880454834119705, 0.3946367921742606, 0.39209436896803385, 0.40712588363091085, 0.3942056880350011, 0.39975962171240864, 0.3959540871784253, 0.4045492281950138, 0.4096983485934209, 0.4008090851729278, 0.3983768902080953, 0.3968381520203923, 0.39513691478838076, 0.39855177653968443, 0.39760829803396325, 0.39655843026519855, 0.40773037132843015, 0.40766625032566717, 0.3950961024105575, 0.3926474114382579, 0.391012026605875, 0.3960675981527064, 0.38449770925301663, 0.3822812719424844, 0.3833307204937284, 0.39864186473982066, 0.40377461691850747, 0.40529852436400327, 0.38738729196931887, 0.3944443213554918, 0.39053284396626053, 0.39112303723113917, 0.3922724636203412, 0.38428693139094094, 0.4072165264943184, 0.40736330375862306, 0.4043891263992363, 0.4063564202169869, 0.4151939194416123, 0.40148412911693776, 0.39309451549073526, 0.395134785935227, 0.40413910141784193, 0.39912802127857683, 0.40037657963890827, 0.4143637058945331, 0.4036435886485721, 0.40408845289786677, 0.41309348027007586, 0.4057269667166723, 0.4071656062581226, 0.4018227487430661, 0.41305230514046576, 0.4055192541992356, 0.4067249608711403, 0.4018078508296141, 0.4093017396708163, 0.40283947664112674, 0.40744078482606794, 0.39607273243397145, 0.40748872351205745, 0.4115691731746842, 0.41171513512117364, 0.41539548220444944, 0.40647144242232036, 0.40407253565455425, 0.41263345328447354, 0.4032169115321551, 0.40091913702368864, 0.40030577795005673, 0.40219727614341516, 0.3976971649512928, 0.3978270874587979, 0.3944782865074137, 0.37583161356283057, 0.3797774842097499, 0.3798777271738636, 0.3801012788795288, 0.39752321787437794, 0.3721424859643021, 0.38404850106856014, 0.3957147988787013, 0.3957879733776366, 0.3742198727359447, 0.3597432252203354, 0.3626217541082051, 0.3544278949450921, 0.34599021605143476, 0.34758051613297214, 0.3515538750111169, 0.34184593875347913, 0.35140037638139, 0.3676709668639333, 0.35934771207330707, 0.360657167718468, 0.35776625661754036, 0.3605142071985139, 0.35066350102278854, 0.36600460126795986, 0.3607825253541166, 0.3552393302746082, 0.36134756923414546, 0.3564954070599058, 0.3355942420534608, 0.3001960004599906, 0.2759736246770206, 0.295845768002688, 0.28758332292639155, 0.2607844746077983, 0.25305498179344266, 0.27750388488393796, 0.27790810463671667, 0.25891935586924686, 0.26943763469202353, 0.2476302561671806, 0.2412107889533388, 0.25451643456639395, 0.26263447593373423, 0.24329584175920016, 0.25876542078991305, 0.2507262524871601, 0.2629595251303263, 0.2615264662506187, 0.2591848113876307, 0.26045763735145644, 0.2625589576362999, 0.2683814917103706, 0.2745433781879896, 0.27226703845234157, 0.2748764845499643, 0.26919820465373223, 0.2702712432087928, 0.2682398744329799, 0.27408734751022057, 0.283044498148213, 0.2765000954585488, 0.27859224724804643
0.7960397228168795, 0.5080678574538905, 0.3717631097721057, 0.30278894833176023, 0.28094686980528516, 0.28079230655560644, 0.28376330296327407, 0.2843420220874718, 0.2912213050904856, 0.300216351723722, 0.3198142879518986, 0.3397601725646177, 0.3619104373340999, 0.38535820209526017, 0.38628428724348274, 0.3871968743327459, 0.3970189951260538, 0.3897130626045113, 0.3757571600120667, 0.37463965738129373, 0.37843514550368096, 0.37823461818811716, 0.3793401032808596, 0.38381060917036025, 0.39156477100557174, 0.3973062075147771, 0.3942560139780241, 0.393866114370861, 0.3981700249846518, 0.40651196128422074, 0.4252097006987774, 0.4214869813168423, 0.38931341272826836, 0.36537124000402105, 0.3480221123523746, 0.33680841217979857, 0.3365233991961915, 0.34006859885060897, 0.3377879038698819, 0.3374585047911759, 0.36468271105923233, 0.38434953556182916, 0.36942663432948514, 0.33783888559752784, 0.33506800364073247, 0.3570490397672008, 0.3605436456771103, 0.3628921280760212, 0.36748021380273543, 0.3597480270723801, 0.347688387536816, 0.3469835600931911, 0.35292003271779815, 0.3604496346491737, 0.36523222913646447, 0.3953051108404323, 0.43195767091890847, 0.44041838052896415, 0.4406213226503922, 0.43866257057099456, 0.4338752361851811, 0.43266530345566945, 0.4362890114294069, 0.4381815528545532, 0.4357548919216895, 0.4329464307337042, 0.4343585115431273, 0.437500779707423, 0.4397523871682072, 0.44031747575993496, 0.4394587350913036, 0.4294376418740691, 0.4134804737219089, 0.4064712482385153, 0.4071263336302182, 0.39834845265292634, 0.39351796724920596, 0.4016616117063434, 0.4009636339279517, 0.39792442728812377, 0.39530327699637624, 0.3936923547439239, 0.40058888726751046, 0.40847125275092466, 0.40893799442106804, 0.40349175927427255, 0.40205566878530163, 0.40490707945143645, 0.4096495482091625, 0.4175734250036953, 0.42345222890420015, 0.42481805039657217, 0.42318699229246215, 0.4165358709881384, 0.4115988069660813, 0.4151296008128912, 0.42085502143063847, 0.4259968789267513, 0.4327374639484362, 0.4382722312764489, 0.4438244293650261, 0.4446467585732804, 0.44304571442169316, 0.4431910084609342, 0.43993583629679295, 0.4303089867494388, 0.4200313821408583, 0.42058421251299216, 0.42772966797956036, 0.4353455065111931, 0.4320250502204401, 0.4232560444477567, 0.4178028248252702, 0.40930853770056147, 0.40465523910413354, 0.4044929205529928, 0.4044417111153635, 0.4029958156815213, 0.4025660295293679, 0.4090372094768914, 0.41295227191297973, 0.4109646216621222, 0.4072235610371062, 0.4055417226790227, 0.4075671683030695, 0.40674360456956105, 0.4055398825397703, 0.39542867308492435, 0.38131252807969246, 0.38292727536257404, 0.3864427719277371, 0.3799092450447285, 0.3729719505179157, 0.3752231708983397, 0.3786257285890167, 0.3793331217053854, 0.3865312531721691, 0.3961234991837035, 0.3987626672560479, 0.4056694649160348, 0.4157887917197672, 0.4278884058954312, 0.43931242911825097, 0.436839394712747, 0.43884235642401026, 0.4438702721086588, 0.4441056091034731, 0.4404888492297707, 0.4378502132647448, 0.4424609202782376, 0.44123394117544745, 0.43781462027119145, 0.4402417370022734, 0.4403301425201043, 0.4358083420026414, 0.43218436691149587, 0.42605933407884555, 0.42086255477999374, 0.4269949461840214, 0.43559674504624496, 0.43971817671787816, 0.43945987910319184, 0.43818221105802113, 0.4361560250289841, 0.4173413259443792, 0.39393969800261147, 0.3857044910444307, 0.3824324933024943, 0.3769727505687061, 0.3772208061711173, 0.37663667331649614, 0.3781728090245245, 0.3864403117703322, 0.3896626217686632, 0.3896624969604972, 0.3910053355288643, 0.39696274861475345, 0.40369869256219404, 0.4036694522668294, 0.3991411921672592, 0.40190333783444043, 0.39537790320164024, 0.3945236804971157, 0.40271623796414824, 0.39390696930992986, 0.3703419187261654, 0.34809592069971945, 0.3462679794303347, 0.3556865927655225, 0.3583552252320641, 0.35620293006460924, 0.35879102565942267, 0.3680994076625787, 0.36991287508832726, 0.370770553786157, 0.37559148993991226, 0.37955929760821183, 0.3833625212332873, 0.3755714815386522, 0.37272788095005427, 0.37620077980128064, 0.37466185492360055, 0.36867180811099465, 0.35290152953750464, 0.3405144519074629, 0.3423964241494406, 0.33963889829652283, 0.34219869906713735, 0.3445557793785259, 0.3352435718771282, 0.33942079116710255, 0.3440670099073419, 0.3405969773447166, 0.3488545539190286, 0.36772276161044976, 0.38404990562803115, 0.3974897918408208, 0.4003789517225202, 0.38972838732249226, 0.3873343686697202, 0.39053209575343767, 0.3895568761976824, 0.3911671617180704, 0.39819396186162037, 0.4036906799419258, 0.39632690441452584, 0.38415876602658255, 0.38758840779113996, 0.3894500162463348, 0.3876608616574314, 0.38696478899475295, 0.3796294125127046, 0.37960762355457595, 0.38500167514376715, 0.3936821538822959, 0.3937801476290536, 0.39006177564124844, 0.39729682420555673, 0.40493591019199904, 0.40774796560769166, 0.4012611179059562, 0.38659984615112397, 0.3783768660419856, 0.3763265638007322, 0.3768719820221074, 0.37305076279406846, 0.36610704379882253, 0.36621146342164723, 0.3685981914552021, 0.3712077457945783, 0.36824216488230976, 0.36751474747601154, 0.3741723032971956, 0.3700022613574954, 0.3604386389109774, 0.35644424561549265, 0.34995031543215005, 0.35010454633442617, 0.35154602837842064, 0.3490223643438441, 0.34835950873267096, 0.3456941506337598, 0.3450721998553009, 0.3537184610616513, 0.35983341576461225, 0.3599069915687607, 0.362995960339997, 0.36216350139939985, 0.36508820483605403, 0.3695329006088932, 0.3707961508475953, 0.3708052088362961, 0.3701303765597896, 0.37054769465442017, 0.3684262853165857, 0.3665506887090461, 0.36486106538456947, 0.3701180734470314, 0.3757778134828357, 0.3745901815065877, 0.3707938929236884, 0.3655435701453976, 0.36728995409140225, 0.37466956497126924, 0.3763973041942452, 0.37616365747700803, 0.3764506687629785, 0.3752385650956934, 0.37101574281297434, 0.36584038843837063, 0.36564219897197225, 0.3668087453106432, 0.37625613642035527, 0.38298574572349875, 0.379598165565106, 0.374104515015962, 0.36680001724253364, 0.36409877741863794, 0.3712686590034611, 0.38005459772459227, 0.37644487373890395, 0.36798609177996316, 0.3683698159581612, 0.367379599415841, 0.3671690175054276, 0.36920406592268035, 0.3683325409558479, 0.36809797589121784, 0.3634936957690039, 0.35732943503265996, 0.35464356803336117, 0.3559561256238489, 0.3584370297918338, 0.3600873316759541, 0.3674998666873833, 0.3743259563506485, 0.37514832908855894, 0.3690202605348216, 0.3572137305829314, 0.34705155880200866, 0.3427614845483997, 0.34426532650442204, 0.34193304614761677, 0.3419555295817954, 0.34337101334508396, 0.34154555529497477, 0.3424098272346618, 0.34243550545064655, 0.34526474822284026, 0.347787432036008, 0.34531981663526073, 0.3460643012176121, 0.34707310179155193, 0.34081817191240066, 0.34183328807705826, 0.35636073270472407, 0.3731827766703205, 0.39201691135983285, 0.4123235430827913, 0.4347872602681818, 0.4441431970176224, 0.43907192450867094, 0.43585917954852066, 0.44159318809082415, 0.4290043461917211, 0.40976713192541186, 0.42168702401528513, 0.43216077952192183, 0.4226493280912122, 0.4061139593544363, 0.3897510552406761, 0.3935162163918301, 0.4090297456080413, 0.4138039444644812, 0.41529327858491705, 0.41794242074379073, 0.4031228706737548, 0.3762143720167734, 0.3824288754449552, 0.3300254197524753, 0.2558670088982067, 0.25180764009365897, 0.3323614114281844, 0.43161813634169727, 0.44620529820229593, 0.44275268483586544, 0.4430999656057565, 0.4408894067714664, 0.44096899259494104, 0.4409999041206064, 0.4410119103093626, 0.4092313875922086, 0.3668412577501822, 0.3447694327923737, 0.2985713627384056, 0.21311534657453624, 0.1151586980585725, 0.050049082457967346, 0.024760187202130704, 0.014937855779017021, 0.033452229309091516, 0.07695464303149108, 0.17270987345656164, 0.2773261504201905, 0.2605240537520315, 0.1506871779442841, 0.06861221771302123, 0.04581605480340005, 0.14246230775574092, 0.2476781893248804, 0.1914217791459665, 0.2184036650949046, 0.31269702408964384, 0.34414950460734295, 0.25983597940814945, 0.1062424508291155, 0.046585968136358825, 0.023415096549540035, 0.014415415947216598, 0.032448462353011125, 0.03945258635978134, 0.07921550174978552, 0.1533077418912548, 0.19042185192890554, 0.22478074290356298, 0.258294729331654, 0.2997746142033597, 0.32539982686193036, 0.3257197594747955, 0.32301179345557623, 0.3188451143707888, 0.3197314232133992, 0.3270075956623628, 0.3441697416870976, 0.365157727563425, 0.365369496794282, 0.34358015659829877, 0.3330554416825163, 0.35219974746137594, 0.3739294532960107, 0.38188725629233816, 0.3988558673757294, 0.41700227645016, 0.4201806094692497, 0.4234244257104832, 0.4358319057551347, 0.44232649786437006, 0.42435489821413813, 0.39979972982226625, 0.39142734496893405, 0.3906845886965665, 0.39041776233633585, 0.40947437684894994, 0.42829982437066, 0.42321413610967407, 0.4183734431854228, 0.4254743460597221, 0.4329106476498966, 0.4332558599889391, 0.43373347225398706, 0.4391096766168784, 0.4504460996715006, 0.4583217567038549, 0.4487848229003829, 0.42601545426948856, 0.4024430093285384, 0.37637660735274564, 0.3574616088028724, 0.3544473607978647, 0.34882280780431385, 0.34151401076370036, 0.3531302641359532, 0.3653931553630214, 0.3606465120757265, 0.36093357887209465, 0.376891898337638, 0.3891617303269351, 0.39270132234536886, 0.3906183328959256, 0.38903674827713075, 0.39183700805324523, 0.3909173988099009, 0.3897273490505778, 0.3874254242236095, 0.3841315613717717, 0.38537688648298846, 0.3844001684906395, 0.382244653947418, 0.3786131398449971, 0.37277438111223454, 0.3723938554589213, 0.37554074909995266, 0.37420947413817723, 0.3681843750617708, 0.36731682864565046, 0.3721660562766621, 0.378601270446841, 0.3840728334917402, 0.3839226790159162, 0.383458432028987, 0.3872017691790968, 0.39137722463269514, 0.39353052864463, 0.3894663886000312, 0.3838872478212088, 0.3850349801199945, 0.3895295898655371, 0.3970285619030622, 0.39804683723224843, 0.3835432455415668, 0.3723098816154323, 0.36995986287620797, 0.37862979933579277, 0.38552312504501196, 0.381572905585987, 0.3782859270064296, 0.3793712727120243, 0.37780339753866743, 0.37643470270085844, 0.37863303483407496, 0.3775219552748639, 0.3811743786648789, 0.38948431706080355, 0.39394124729504565, 0.3944147087993675, 0.39346491890892205, 0.3878966142842764, 0.3814969437974721, 0.3785333852967699, 0.37357963903119473, 0.37076427613307983, 0.3685013831545714, 0.36431311608894373, 0.36836425664764066, 0.3739552439299034, 0.37940038312006696, 0.3811696700545206, 0.3828566404749689, 0.38476537493268836, 0.3814549557207399, 0.3833966034391973, 0.3894921635290379, 0.3922140840285818, 0.38814173166297294, 0.3872083337356723, 0.3904443343332796, 0.3880389962475621, 0.39140750360707854, 0.3960106516716134, 0.39419995091059673, 0.3896962529041368, 0.3884690133039162, 0.39403856733862896, 0.3978126542855952, 0.4014662383377067, 0.4069863209056448, 0.4019641449200603, 0.38568717391878965, 0.38016259598008617, 0.381192751566517, 0.37997235095220916, 0.3823673885914766, 0.38137128910726187, 0.37558307163773386, 0.3749612126830216, 0.37973137910306587, 0.38005588798676615, 0.3810998379420714, 0.3819024433434344, 0.3790883563936486, 0.3821622458522025, 0.38612721876172973, 0.39129953588092237, 0.3963859409019829, 0.3954339251321407, 0.3907357024817284, 0.39187982484190403, 0.3887284425891028, 0.38610134148987946, 0.3930020814508365, 0.39643102002350034, 0.39813630621006796, 0.4019941097556252, 0.40605920040856175, 0.4131451329403627, 0.4206204839147123, 0.413234969806289, 0.4041378349085679, 0.4036100864725822, 0.4067486254520708, 0.40483615899908987, 0.3980029870401552, 0.3963059079917551, 0.39620845130578897, 0.4002248009309732, 0.4023732362201865, 0.3958129045010255, 0.39547313731976913, 0.3982618705939307, 0.39583363801737387, 0.3913507556976723, 0.3896978897502584, 0.3901268003457168, 0.38349648479683907, 0.376522434646076, 0.38132622636018565, 0.3869988206029812, 0.37893786692707493, 0.37463266082106234, 0.383353850015506, 0.38759218858888916, 0.38877526989803957, 0.39033095682236485, 0.3886729780017107, 0.3872058366471705, 0.3831118721874052, 0.37308497847683264, 0.37467564488916005, 0.381752836056649, 0.3840687208606625, 0.3895392369656615, 0.3926919095127868, 0.3965793162479866, 0.39870638041007556, 0.3998233878495966, 0.4039201761037885, 0.40078772664639045, 0.39560223982035936, 0.39593803107093417, 0.39490950265221403, 0.3955660029484467, 0.39808708482474425, 0.4033680413935947, 0.40698981397092027, 0.40256559651532997, 0.39407338725753127, 0.39319930249601737, 0.3977925910640577, 0.39697323984152066, 0.40061657053399885, 0.40959466895713537, 0.4126333535240486, 0.41858069305374623, 0.4286538984379075, 0.4286415964328052, 0.42761384591836277, 0.42882442820299965, 0.4269479793388035, 0.4220290463814835, 0.4204077702715424, 0.4208808030374681, 0.419953685723696, 0.41686621380423555, 0.41281835927643645, 0.4179265745182179, 0.42401287445672625, 0.42489101606444685, 0.4249635448582103, 0.4287692164171134, 0.43097232684612796, 0.43016035453959045, 0.4245792082980567, 0.41694004407548246, 0.41568398427954956, 0.41524913821704096, 0.41195396682666946, 0.4093741251024715, 0.4080782162420543, 0.40870113235315414, 0.41273093559961904, 0.4184705640569966, 0.421401140992324, 0.4182638902224319, 0.42057189264014594, 0.4306276867896901, 0.4271512689991849, 0.4224801417079711, 0.4172157727513276, 0.4014114755838067, 0.35136510737651383, 0.26013372052643075, 0.1847218195275552, 0.15893959098101781, 0.241099373930912, 0.33608024861403163, 0.365059092535757, 0.38201465975098825, 0.38181789720898957, 0.37409141887818276, 0.37202236750616174, 0.3686871202520877, 0.384384492220606, 0.40454021039727606, 0.40226476705013636, 0.4011052817770515, 0.40305932492915175, 0.4041654059179697, 0.4048334824584793, 0.40409084653541094, 0.4046594915767776, 0.41006242463125253, 0.4105334386892754, 0.40830858901170275, 0.4053702967429401, 0.4095426239348784, 0.41556725267819944, 0.41049059995360504, 0.40197941607539023, 0.40241557265431127, 0.41149487277774377, 0.4144790856755498, 0.4143748597705523, 0.41331238354931493, 0.40503265431230884, 0.40391757504814607, 0.40880478569457, 0.4116627973258855, 0.4161447318652566, 0.4103924664852698, 0.4034401120093112, 0.4052173084857524, 0.40835891187671464, 0.4109842416188624, 0.4170197308182866, 0.4232084011426182, 0.42120284087485316, 0.41247591752695095, 0.41001868903454314, 0.41478453651386954, 0.4099583603241122, 0.4095803377125813, 0.4161305276342563, 0.41588863631684614, 0.41714795271512894, 0.4190581715433701, 0.42090340865658504, 0.425754190875104, 0.42672808417760516, 0.4172802063116161, 0.40260253383976646, 0.3869710916483951, 0.3839565609629839, 0.39272567304040107, 0.394557654774923, 0.39121403578236014, 0.3871244563768802, 0.38597686945476495, 0.39179897905059585, 0.39506411563266874, 0.39114782262077286, 0.3863485416895296, 0.3865164579298719, 0.3875504989181909, 0.3863501934889041, 0.388179027096595, 0.38543767031498344, 0.3841719466820036, 0.391708907053555, 0.39461264639841437, 0.3972415759845774, 0.39946848850050526, 0.40134633396942604, 0.41088652425209193, 0.41778419552045476, 0.4159737277507249, 0.406457439887814, 0.40531388856261763, 0.4102696487280303, 0.4094329809046398, 0.4051311138925646, 0.40553747071792806, 0.40753755705282324, 0.40647202882719596, 0.4067676377601512, 0.4019801781351221, 0.40479184508997545, 0.41070268739583576, 0.4103435848224284, 0.4124789962371197, 0.41531867023576985, 0.41689559360910844, 0.41685249723996964, 0.41763714815979, 0.41870346562251115, 0.41896223036238867, 0.4201549191236542, 0.4187759355224244, 0.4116171663148829, 0.4037010674524379, 0.39929369028248757, 0.3996863186085631, 0.4012809246861787, 0.4028302198766115, 0.4004628583341281, 0.39041362414070996, 0.3913244962971256, 0.4000470586861484, 0.4065962094391854, 0.40876710143658057, 0.40579131648949973, 0.40814986791046814, 0.41043522001615684, 0.4115230802698735, 0.4126253309516047, 0.41652657963695283, 0.4160431323262513, 0.4137676072055254, 0.4169267357366072, 0.42133087995194596, 0.42371056113752026, 0.4202801406366903, 0.4217493931575488, 0.42533240594363075, 0.42316012254317725, 0.4210180716700435, 0.416334117460153, 0.41178770146304117, 0.41868411555734014, 0.42078132511281596, 0.4138117495907288, 0.41017131423303377, 0.40407314490511975, 0.399108497496449, 0.3998948055876814, 0.4000898763945311, 0.39898386541686237, 0.398749682867622, 0.3988018280165815, 0.3988220814491655, 0.3997170371964338, 0.3996898379546431, 0.4024721719156331, 0.4039276485846468, 0.40175115315198107, 0.4018439693683522, 0.40188001964375625, 0.41296026117016693, 0.4202987724598545, 0.4051499204161971, 0.39063579681958327, 0.38198284565248425, 0.37509062824376777, 0.3730204861739566, 0.3770245713679738, 0.3872180122526222, 0.38892859743847996, 0.38466738765278424, 0.38441950652189244, 0.384792317149271, 0.38493711863241703, 0.3953689508302195, 0.4001470028658487, 0.38777217215841187, 0.3816786540918061, 0.3001462117847144, 0.15395890011350938, 0.07889270336566413, 0.16289297266865707, 0.28141079922435325, 0.32377787954710774, 0.3511629291812925, 0.366771162889055, 0.36674294599702223, 0.3621468536550381, 0.3747110349938363, 0.3874654876579677, 0.3930260027992653, 0.3951795854888076, 0.3971608493523816, 0.39970719848449254, 0.39583772829087566, 0.3933603944525548, 0.3982383796609231, 0.4049047587343329, 0.4065628302283718, 0.4087062529289499, 0.411119827766247, 0.4111679439036503, 0.4109280998861259, 0.40978981182999086, 0.41075379049832084, 0.4078714847787552, 0.4046910137609594, 0.40885989353959373, 0.41497253653720545, 0.4154241469146009, 0.4066586993776891, 0.4044662689835339, 0.4160570585460167, 0.4233339186831767, 0.4244997647135527, 0.4276136359896674, 0.43228674530758526, 0.43080004428228097, 0.4157420509678894, 0.3961722570093058, 0.39880501378202404, 0.41133543369478864, 0.408822091648066, 0.39970437868552083, 0.3963540603034771, 0.4057948210520541, 0.41860971633835736, 0.42458447753011913, 0.4248727260461133, 0.4263861869951954, 0.4315686694611127, 0.43110223746271303, 0.42328161688587973, 0.42038430482221634, 0.42210762292564874, 0.4179760412377458, 0.4129069677377034, 0.409076731488009, 0.40422017118133513, 0.40139568148970284, 0.4007677246665783, 0.4014620009028722, 0.40173166121120446, 0.4023054874816084, 0.39156607012449773, 0.3776943275855398, 0.3707051284726076, 0.3672148216967467, 0.3674764080267397, 0.36751048466392516, 0.3636850627715892, 0.36296245633550395, 0.3758145270566985, 0.38120511584174166, 0.3774458223719523, 0.38391257287846386, 0.3849061058314823, 0.37154979538555133, 0.3679137431538525, 0.3739194231513284, 0.3809772965756443, 0.3916752178205227, 0.3967975997684635, 0.39591654647169316, 0.39046266807316476, 0.3865874505999051, 0.3906794983421275, 0.39565687839851504, 0.39840300281579744, 0.40645540446725337, 0.41448231727356244, 0.4195082098858054, 0.42879860445837814, 0.42737066408876323, 0.4185272804716296, 0.4130302203119949, 0.4179123744703819, 0.4320638262624349, 0.4291406395477253, 0.41703181976050907, 0.41700052915567587, 0.41990585180902523, 0.4187646528481894, 0.4156293446317767, 0.41547517743667345, 0.4167552712070123, 0.4127562931291774, 0.4106503926657862, 0.41324566089422377, 0.4108663919338844, 0.40698156260569485, 0.4072298360547886, 0.4021244703617924, 0.3876196527777986, 0.38085162062108313, 0.38673443585811595, 0.3969841687892481, 0.40483490430746033, 0.4071127866861918, 0.40957139391206937, 0.40830966420891357, 0.4026728969874372, 0.39933064351847747, 0.39611555418029315, 0.39094982351144303, 0.3854248274907283, 0.3834718591403862, 0.39317727755452925, 0.4000858354446555, 0.3950586685231477, 0.3934869967558852, 0.3952967262820879, 0.39164791566564355, 0.38934905695114463, 0.3936239575362177, 0.3962946628681031, 0.3988808553464524, 0.3989711417197834, 0.39347416804069624, 0.3882295787279059, 0.3893600356944573, 0.3971719921855564, 0.3982787505347057, 0.3768462339206099, 0.36651768312825367, 0.37361743380311885, 0.3726223737953607, 0.38774981616465254, 0.40913883069350127, 0.40991726625166075, 0.40182221565725446, 0.39065454562994917, 0.3759944447028828, 0.37425858248927457, 0.3699409758593808, 0.3536952983978033, 0.35381632765910676, 0.36876825136750024, 0.3822163060772949, 0.38648408453226657, 0.388507471847372, 0.3915741629257618, 0.3899889765641561, 0.3851736388416194, 0.38205625478380023, 0.3816816377466756, 0.38394956232735955, 0.3876008747556424, 0.38673257444570547, 0.38159293790850535, 0.3750576419406324, 0.37525748179683627, 0.3746202692609959, 0.37186416167433134, 0.3730726053404831, 0.37512475421769104, 0.3777580273646146, 0.37575627576479564, 0.369884225579758, 0.369744893982356, 0.3734235063286172, 0.37402856869075163, 0.37196877239195264, 0.374847577434428, 0.37833456196441584, 0.3743904280208392, 0.37063430214337956, 0.37441306913738576, 0.3810350589144318, 0.38855976413264987, 0.40067378296559175, 0.4074019888488487, 0.4059547156260141, 0.39921500627681206, 0.389014531213955, 0.38931071512854315, 0.39347293617265056, 0.38473749003326296, 0.3789158188158124, 0.38064574125130357, 0.38192850251373317, 0.3872415620573258, 0.395036213612318, 0.4030147862050456, 0.40648162271141697, 0.40356856388570816, 0.400362440830508, 0.40370548553125485, 0.40481525612268754, 0.3989951295720437, 0.3923963113117752, 0.3860671818404986, 0.38691892999801575, 0.39009604385303387, 0.3899272217741926, 0.388011142150091, 0.3814685496990284, 0.3827380625251082, 0.38374221727148317, 0.3857484467357889, 0.39369647037850397, 0.39955017254724723, 0.41099449404230515, 0.40880699115514846, 0.39795250523954073, 0.3966565093437082, 0.39559643901051594, 0.3953896160684345, 0.3977141186773512, 0.4012363532359722, 0.401061792727831, 0.39724453936752613, 0.3952222533567457, 0.3942642307118072, 0.39390546408852367, 0.3977568392176362, 0.40086521692115473, 0.39687122001899067, 0.39331893993129147, 0.393322936371848, 0.4000409822187707, 0.40431668002753784, 0.401604341552444, 0.3972452851307411, 0.3985797626468398, 0.40651936408973854, 0.4051201633251848, 0.39943442345495844, 0.39848863554421, 0.39740735667928656, 0.3949354263105733, 0.39779444980866185, 0.3995505447845661, 0.39798003595767006, 0.3979046987512401, 0.39934008728131026, 0.40410056056018273, 0.4048058252899476, 0.4016176794786873, 0.3991650863663536, 0.3972217106189778, 0.3969909160704281, 0.3976570172442653, 0.3973061738358437, 0.40026520962495293, 0.40481125772449456, 0.40271343685437677, 0.39730590893977524, 0.39395669814723155, 0.39370173286402804, 0.3916106408823366, 0.3865826258437749, 0.3842728577583354, 0.3883787614652564, 0.39622520788037546, 0.40130839642529215, 0.3982715282530841, 0.39377280514291924, 0.39298738099556146, 0.39166667788049314, 0.3916856816961857, 0.3896025985340557, 0.39336337641770003, 0.4018807789269448, 0.40432436800662125, 0.40496556752736046, 0.40851869169259813, 0.40840880798717294, 0.4016081852882166, 0.3970251764351966, 0.3986225204213893, 0.40046405822786413, 0.4000287506804926, 0.40451870993628447, 0.4072616755296778, 0.40518490979857963, 0.4072680373593608, 0.4085781878522197, 0.40727432747356274, 0.4055740014377097, 0.406713724461227, 0.4082867807637275, 0.406962877274568, 0.40531372862716974, 0.4054611637869722, 0.40583389696255234, 0.4054095929525683, 0.403175537465031, 0.40232247884683053, 0.4067299201110387, 0.4097342182634186, 0.41207117833917273, 0.41137535681916004, 0.40764256713340485, 0.40807706099449625, 0.40798417279893684, 0.4043658854906754, 0.40207030740293964, 0.4015695453682169, 0.40057733949502855, 0.3988555689071178, 0.39720249962959, 0.3898342776117568, 0.3824769547496667, 0.3808566259095171, 0.3803262978235218, 0.3855162634028086, 0.38509829230418413, 0.38081541504273086, 0.38636027969034187, 0.3921038341521378, 0.38776156348147656, 0.37505260891824455, 0.3665697122697814, 0.3616494985337727, 0.3546525798984086, 0.3498410306674762, 0.3496735544712926, 0.3478548862461319, 0.3471015670504557, 0.35470620418953325, 0.36009015838542363, 0.36003651018909105, 0.3595320677801528, 0.3592924228899007, 0.35702733845842793, 0.3578265175043777, 0.3612312953112903, 0.3592617344051228, 0.358669536279918, 0.3588236288013972, 0.35100817503968645, 0.3307563943727414, 0.30465866502783656, 0.2931918880857527, 0.2922883526120741, 0.28121575777480734, 0.26635642570476936, 0.26569774247607153, 0.27304193045245295, 0.2702113459966444, 0.2665216842004887, 0.2616364224945421, 0.25110726285440743, 0.24912346181457268, 0.2549042544643728, 0.25371831313128246, 0.25207454014007175, 0.25370829192684075, 0.25562539594713635, 0.2596726873694889, 0.26009037711368627, 0.2599257646204982, 0.2608936339345152, 0.2636926542982803, 0.26844461389112423, 0.2714784890212492, 0.2727587241640731, 0.2723175319754109, 0.2707378992916435, 0.26983130715778975, 0.270646137610936, 0.2754898392586671, 0.2781089692090336, 0.27776476481130885
0.14266014099121094, 0.14266014099121094, 0.14266014099121094, 0.14266014099121094, 0.14266014099121094, 0.14266014099121094, 0.14266014099121094, 0.14266014099121094, 0.14266014099121094, 0.14266014099121094, 0.23163104057312012, 0.30833005905151367, 0.3328738212585449, 0.3604855537414551, 0.3727574348449707, 0.3819613456726074, 0.38042736053466797, 0.3896310329437256, 0.3865630626678467, 0.38042736053466797, 0.37735939025878906, 0.37735939025878906, 0.37735939025878906, 0.3788933753967285, 0.3819613456726074, 0.3896310329437256, 0.39730095863342285, 0.39730095863342285, 0.3957669734954834, 0.3957669734954834, 0.4049708843231201, 0.4218447208404541, 0.4218447208404541, 0.3926990032196045, 0.3696894645690918, 0.35128164291381836, 0.3405437469482422, 0.33900976181030273, 0.3374757766723633, 0.3374757766723633, 0.33594179153442383, 0.3604855537414551, 0.3819613456726074, 0.37735939025878906, 0.3436117172241211, 0.3374757766723633, 0.3528156280517578, 0.3589515686035156, 0.3604855537414551, 0.3666214942932129, 0.3604855537414551, 0.3466796875, 0.3405437469482422, 0.3466796875, 0.35434961318969727, 0.36508750915527344, 0.4187767505645752, 0.42337870597839355, 0.4356505870819092, 0.4387185573577881, 0.44025254249572754, 0.4341166019439697, 0.4157087802886963, 0.41417479515075684, 0.42031073570251465, 0.408038854598999, 0.41417479515075684, 0.42337870597839355, 0.41724276542663574, 0.424912691116333, 0.40650486946105957, 0.42951464653015137, 0.41724276542663574, 0.41110682487487793, 0.41110682487487793, 0.4095728397369385, 0.4019029140472412, 0.39730095863342285, 0.40036892890930176, 0.40036892890930176, 0.40036892890930176, 0.39730095863342285, 0.3957669734954834, 0.39730095863342285, 0.40343689918518066, 0.40650486946105957, 0.40650486946105957, 0.40343689918518066, 0.40343689918518066, 0.40650486946105957, 0.41417479515075684, 0.4218447208404541, 0.424912691116333, 0.424912691116333, 0.4218447208404541, 0.4157087802886963, 0.41417479515075684, 0.41724276542663574, 0.424912691116333, 0.4310486316680908, 0.43718457221984863, 0.44332051277160645, 0.44638848304748535, 0.44638848304748535, 0.4448544979095459, 0.44332051277160645, 0.4341166019439697, 0.42337870597839355, 0.4218447208404541, 0.42337870597839355, 0.4310486316680908, 0.4325826168060303, 0.42644667625427246, 0.4187767505645752, 0.4095728397369385, 0.4049708843231201, 0.4049708843231201, 0.4049708843231201, 0.40343689918518066, 0.40343689918518066, 0.4049708843231201, 0.41110682487487793, 0.4095728397369385, 0.4095728397369385, 0.40650486946105957, 0.40650486946105957, 0.40650486946105957, 0.40650486946105957, 0.3988349437713623, 0.3834950923919678, 0.3819613456726074, 0.3834950923919678, 0.3819613456726074, 0.37122344970703125, 0.36815547943115234, 0.37429141998291016, 0.37429141998291016, 0.3834950923919678, 0.3926990032196045, 0.3957669734954834, 0.40343689918518066, 0.4157087802886963, 0.4341166019439697, 0.4341166019439697, 0.43718457221984863, 0.44025254249572754, 0.4448544979095459, 0.44638848304748535, 0.44638848304748535, 0.44332051277160645, 0.441786527633667, 0.44332051277160645, 0.441786527633667, 0.441786527633667, 0.441786527633667, 0.4387185573577881, 0.4341166019439697, 0.4279806613922119, 0.4218447208404541, 0.42337870597839355, 0.4325826168060303, 0.4356505870819092, 0.43718457221984863, 0.43718457221984863, 0.43718457221984863, 0.424912691116333, 0.40036892890930176, 0.3896310329437256, 0.3850290775299072, 0.37735939025878906, 0.37735939025878906, 0.37735939025878906, 0.3758254051208496, 0.3819613456726074, 0.3850290775299072, 0.3865630626678467, 0.3896310329437256, 0.3957669734954834, 0.4019029140472412, 0.40036892890930176, 0.39730095863342285, 0.3988349437713623, 0.39423298835754395, 0.3896310329437256, 0.3957669734954834, 0.3926990032196045, 0.37429141998291016, 0.363553524017334, 0.35434961318969727, 0.3466796875, 0.34207773208618164, 0.3436117172241211, 0.33900976181030273, 0.34207773208618164, 0.3528156280517578, 0.3604855537414551, 0.35741758346557617, 0.3589515686035156, 0.3696894645690918, 0.3405437469482422, 0.3696894645690918, 0.37429141998291016, 0.37735939025878906, 0.37429141998291016, 0.3528156280517578, 0.33900976181030273, 0.3436117172241211, 0.34207773208618164, 0.34207773208618164, 0.34514570236206055, 0.3374757766723633, 0.3344078063964844, 0.33900976181030273, 0.3374757766723633, 0.3589515686035156, 0.3589515686035156, 0.38809704780578613, 0.39423298835754395, 0.40343689918518066, 0.39423298835754395, 0.3865630626678467, 0.36201953887939453, 0.3666214942932129, 0.37735939025878906, 0.25003886222839355, 0.2454369068145752, 0.23469901084899902, 0.23776698112487793, 0.2577087879180908, 0.3466796875, 0.3788933753967285, 0.37122344970703125, 0.3727574348449707, 0.3727574348449707, 0.38042736053466797, 0.3896310329437256, 0.3896310329437256, 0.38809704780578613, 0.39423298835754395, 0.4019029140472412, 0.4049708843231201, 0.40343689918518066, 0.3865630626678467, 0.38042736053466797, 0.37735939025878906, 0.37735939025878906, 0.37429141998291016, 0.3696894645690918, 0.3666214942932129, 0.36508750915527344, 0.36815547943115234, 0.36815547943115234, 0.363553524017334, 0.36508750915527344, 0.363553524017334, 0.35741758346557617, 0.3558835983276367, 0.3497476577758789, 0.3466796875, 0.34821367263793945, 0.3436117172241211, 0.34207773208618164, 0.33900976181030273, 0.33900976181030273, 0.33900976181030273, 0.3374757766723633, 0.34514570236206055, 0.36201953887939453, 0.36201953887939453, 0.36508750915527344, 0.3666214942932129, 0.3696894645690918, 0.3696894645690918, 0.37122344970703125, 0.3696894645690918, 0.37122344970703125, 0.36815547943115234, 0.3666214942932129, 0.3666214942932129, 0.3727574348449707, 0.3727574348449707, 0.3727574348449707, 0.36815547943115234, 0.3666214942932129, 0.3696894645690918, 0.37429141998291016, 0.37429141998291016, 0.3758254051208496, 0.3758254051208496, 0.3727574348449707, 0.3666214942932129, 0.3666214942932129, 0.3666214942932129, 0.37429141998291016, 0.38042736053466797, 0.3788933753967285, 0.3758254051208496, 0.36815547943115234, 0.36508750915527344, 0.36815547943115234, 0.3758254051208496, 0.3758254051208496, 0.3696894645690918, 0.3696894645690918, 0.36815547943115234, 0.3666214942932129, 0.36815547943115234, 0.3666214942932129, 0.3666214942932129, 0.36508750915527344, 0.3589515686035156, 0.3558835983276367, 0.3558835983276367, 0.3558835983276367, 0.36201953887939453, 0.36815547943115234, 0.37429141998291016, 0.37429141998291016, 0.37122344970703125, 0.3589515686035156, 0.3466796875, 0.34514570236206055, 0.3436117172241211, 0.3436117172241211, 0.34207773208618164, 0.34207773208618164, 0.34207773208618164, 0.34207773208618164, 0.34207773208618164, 0.34207773208618164, 0.34514570236206055, 0.34514570236206055, 0.34514570236206055, 0.34514570236206055, 0.3436117172241211, 0.34207773208618164, 0.35434961318969727, 0.36815547943115234, 0.38809704780578613, 0.408038854598999, 0.4325826168060303, 0.44638848304748535, 0.4448544979095459, 0.441786527633667, 0.44025254249572754, 0.42644667625427246, 0.41724276542663574, 0.42031073570251465, 0.4310486316680908, 0.41417479515075684, 0.41110682487487793, 0.39116501808166504, 0.39116501808166504, 0.4049708843231201, 0.41110682487487793, 0.4126408100128174, 0.41724276542663574, 0.41417479515075684, 0.3988349437713623, 0.4019029140472412, 0.4019029140472412, 0.4387185573577881, 0.4647963047027588, 0.4479224681854248, 0.4509904384613037, 0.44945645332336426, 0.4387185573577881, 0.44025254249572754, 0.44332051277160645, 0.44025254249572754, 0.441786527633667, 0.441786527633667, 0.41417479515075684, 0.3988349437713623, 0.3466796875, 0.31599998474121094, 0.23469901084899902, 0.1273205280303955, 0.1012427806854248, 0.042951345443725586, 0.042951345443725586, 0.042951345443725586, 0.09664082527160645, 0.17333984375, 0.23163104057312012, 0.25617480278015137, 0.23930096626281738, 0.22702908515930176, 0.2577087879180908, 0.2577087879180908, 0.2454369068145752, 0.21782517433166504, 0.23930096626281738, 0.29912614822387695, 0.329805850982666, 0.31599998474121094, 0.26384472846984863, 0.09203886985778809, 0.08130097389221191, 0.036815643310546875, 0.04601931571960449, 0.04601931571960449, 0.07669901847839355, 0.13805818557739258, 0.18867969512939453, 0.21782517433166504, 0.23930096626281738, 0.2837865352630615, 0.3098640441894531, 0.31599998474121094, 0.31906795501708984, 0.31599998474121094, 0.3144659996032715, 0.31906795501708984, 0.329805850982666, 0.35741758346557617, 0.3589515686035156, 0.33900976181030273, 0.3328738212585449, 0.35128164291381836, 0.3788933753967285, 0.3850290775299072, 0.41417479515075684, 0.41417479515075684, 0.41724276542663574, 0.4218447208404541, 0.4310486316680908, 0.4387185573577881, 0.4387185573577881, 0.4049708843231201, 0.3926990032196045, 0.39423298835754395, 0.3896310329437256, 0.4049708843231201, 0.42337870597839355, 0.4218447208404541, 0.41724276542663574, 0.42031073570251465, 0.4279806613922119, 0.42951464653015137, 0.4310486316680908, 0.43718457221984863, 0.4479224681854248, 0.45559239387512207, 0.45252442359924316, 0.42951464653015137, 0.4049708843231201, 0.37735939025878906, 0.363553524017334, 0.35741758346557617, 0.34821367263793945, 0.3436117172241211, 0.35128164291381836, 0.363553524017334, 0.363553524017334, 0.36201953887939453, 0.3758254051208496, 0.3896310329437256, 0.39423298835754395, 0.3926990032196045, 0.38809704780578613, 0.39116501808166504, 0.3926990032196045, 0.3819613456726074, 0.363553524017334, 0.3666214942932129, 0.3589515686035156, 0.3436117172241211, 0.3528156280517578, 0.3589515686035156, 0.35741758346557617, 0.34821367263793945, 0.3558835983276367, 0.3558835983276367, 0.3589515686035156, 0.35741758346557617, 0.36815547943115234, 0.3758254051208496, 0.3819613456726074, 0.3834950923919678, 0.3819613456726074, 0.3850290775299072, 0.39116501808166504, 0.3926990032196045, 0.3896310329437256, 0.3850290775299072, 0.3850290775299072, 0.3865630626678467, 0.39730095863342285, 0.3988349437713623, 0.3957669734954834, 0.36201953887939453, 0.35128164291381836, 0.3604855537414551, 0.37429141998291016, 0.36815547943115234, 0.3436117172241211, 0.37122344970703125, 0.3666214942932129, 0.3696894645690918, 0.3727574348449707, 0.37429141998291016, 0.36815547943115234, 0.3727574348449707, 0.38042736053466797, 0.3819613456726074, 0.3819613456726074, 0.3850290775299072, 0.3834950923919678, 0.3788933753967285, 0.37429141998291016, 0.37122344970703125, 0.36815547943115234, 0.3666214942932129, 0.36815547943115234, 0.37122344970703125, 0.37735939025878906, 0.38042736053466797, 0.3819613456726074, 0.3834950923919678, 0.3834950923919678, 0.3834950923919678, 0.38809704780578613, 0.3896310329437256, 0.39116501808166504, 0.3896310329437256, 0.38809704780578613, 0.3896310329437256, 0.3896310329437256, 0.39423298835754395, 0.39423298835754395, 0.3896310329437256, 0.39116501808166504, 0.39116501808166504, 0.3957669734954834, 0.40036892890930176, 0.40650486946105957, 0.408038854598999, 0.3926990032196045, 0.3850290775299072, 0.3819613456726074, 0.3834950923919678, 0.3819613456726074, 0.3819613456726074, 0.3758254051208496, 0.363553524017334, 0.3696894645690918, 0.36815547943115234, 0.35741758346557617, 0.3727574348449707, 0.3374757766723633, 0.3589515686035156, 0.37735939025878906, 0.3834950923919678, 0.3850290775299072, 0.3788933753967285, 0.3758254051208496, 0.3727574348449707, 0.3834950923919678, 0.3834950923919678, 0.38809704780578613, 0.3926990032196045, 0.39730095863342285, 0.40036892890930176, 0.40343689918518066, 0.41110682487487793, 0.4187767505645752, 0.4157087802886963, 0.4049708843231201, 0.40343689918518066, 0.4049708843231201, 0.4049708843231201, 0.3988349437713623, 0.3957669734954834, 0.3957669734954834, 0.39730095863342285, 0.40036892890930176, 0.3988349437713623, 0.39730095863342285, 0.39730095863342285, 0.39730095863342285, 0.39423298835754395, 0.39116501808166504, 0.39116501808166504, 0.3850290775299072, 0.37735939025878906, 0.37735939025878906, 0.3834950923919678, 0.38042736053466797, 0.3758254051208496, 0.3788933753967285, 0.3850290775299072, 0.38809704780578613, 0.3896310329437256, 0.3896310329437256, 0.3896310329437256, 0.3850290775299072, 0.3758254051208496, 0.37429141998291016, 0.37735939025878906, 0.38042736053466797, 0.38809704780578613, 0.39116501808166504, 0.39423298835754395, 0.39730095863342285, 0.3988349437713623, 0.40343689918518066, 0.40343689918518066, 0.40036892890930176, 0.39730095863342285, 0.3957669734954834, 0.3957669734954834, 0.3957669734954834, 0.3988349437713623, 0.4049708843231201, 0.4049708843231201, 0.3957669734954834, 0.39423298835754395, 0.3957669734954834, 0.3957669734954834, 0.3988349437713623, 0.4049708843231201, 0.41110682487487793, 0.41724276542663574, 0.42644667625427246, 0.4279806613922119, 0.4279806613922119, 0.42951464653015137, 0.42951464653015137, 0.42644667625427246, 0.42337870597839355, 0.42337870597839355, 0.4218447208404541, 0.4187767505645752, 0.4157087802886963, 0.4157087802886963, 0.4218447208404541, 0.42337870597839355, 0.42337870597839355, 0.4279806613922119, 0.42951464653015137, 0.4310486316680908, 0.4279806613922119, 0.42031073570251465, 0.41724276542663574, 0.4157087802886963, 0.4126408100128174, 0.4095728397369385, 0.408038854598999, 0.408038854598999, 0.4095728397369385, 0.4157087802886963, 0.42031073570251465, 0.4218447208404541, 0.42031073570251465, 0.4279806613922119, 0.4279806613922119, 0.42644667625427246, 0.42031073570251465, 0.4049708843231201, 0.3758254051208496, 0.36201953887939453, 0.3328738212585449, 0.3267378807067871, 0.34821367263793945, 0.37122344970703125, 0.36508750915527344, 0.37735939025878906, 0.37735939025878906, 0.37122344970703125, 0.36815547943115234, 0.36508750915527344, 0.37735939025878906, 0.3988349437713623, 0.40036892890930176, 0.40036892890930176, 0.40036892890930176, 0.40036892890930176, 0.40036892890930176, 0.4019029140472412, 0.40343689918518066, 0.41110682487487793, 0.41110682487487793, 0.4095728397369385, 0.4095728397369385, 0.4095728397369385, 0.41417479515075684, 0.41417479515075684, 0.40650486946105957, 0.40650486946105957, 0.4095728397369385, 0.4126408100128174, 0.41417479515075684, 0.41417479515075684, 0.4095728397369385, 0.40650486946105957, 0.40650486946105957, 0.41110682487487793, 0.4157087802886963, 0.4095728397369385, 0.4049708843231201, 0.4049708843231201, 0.40650486946105957, 0.4095728397369385, 0.4095728397369385, 0.42337870597839355, 0.4187767505645752, 0.41724276542663574, 0.4095728397369385, 0.4095728397369385, 0.4095728397369385, 0.408038854598999, 0.41110682487487793, 0.4126408100128174, 0.41417479515075684, 0.4187767505645752, 0.4218447208404541, 0.424912691116333, 0.424912691116333, 0.4218447208404541, 0.408038854598999, 0.39116501808166504, 0.3819613456726074, 0.3896310329437256, 0.39116501808166504, 0.39116501808166504, 0.38809704780578613, 0.3850290775299072, 0.3896310329437256, 0.3957669734954834, 0.39423298835754395, 0.3896310329437256, 0.38809704780578613, 0.3896310329437256, 0.3896310329437256, 0.3896310329437256, 0.38809704780578613, 0.3865630626678467, 0.3896310329437256, 0.39423298835754395, 0.3957669734954834, 0.3988349437713623, 0.40036892890930176, 0.40650486946105957, 0.4157087802886963, 0.4157087802886963, 0.4095728397369385, 0.40650486946105957, 0.40650486946105957, 0.408038854598999, 0.408038854598999, 0.40650486946105957, 0.40650486946105957, 0.408038854598999, 0.408038854598999, 0.4049708843231201, 0.40343689918518066, 0.408038854598999, 0.408038854598999, 0.41110682487487793, 0.4126408100128174, 0.4157087802886963, 0.41724276542663574, 0.41724276542663574, 0.41724276542663574, 0.4187767505645752, 0.4187767505645752, 0.42031073570251465, 0.41417479515075684, 0.408038854598999, 0.4019029140472412, 0.3988349437713623, 0.40036892890930176, 0.40036892890930176, 0.40036892890930176, 0.39423298835754395, 0.3926990032196045, 0.3988349437713623, 0.40343689918518066, 0.40650486946105957, 0.408038854598999, 0.408038854598999, 0.408038854598999, 0.4095728397369385, 0.41110682487487793, 0.41417479515075684, 0.4157087802886963, 0.4157087802886963, 0.4157087802886963, 0.4187767505645752, 0.42031073570251465, 0.42031073570251465, 0.4218447208404541, 0.4218447208404541, 0.42337870597839355, 0.42031073570251465, 0.42031073570251465, 0.4157087802886963, 0.4157087802886963, 0.42031073570251465, 0.4187767505645752, 0.41417479515075684, 0.40650486946105957, 0.4019029140472412, 0.4019029140472412, 0.40036892890930176, 0.39730095863342285, 0.39730095863342285, 0.3988349437713623, 0.3988349437713623, 0.3988349437713623, 0.3988349437713623, 0.3988349437713623, 0.4019029140472412, 0.4019029140472412, 0.4019029140472412, 0.4019029140472412, 0.4095728397369385, 0.41724276542663574, 0.4049708843231201, 0.3926990032196045, 0.3834950923919678, 0.3758254051208496, 0.37122344970703125, 0.37122344970703125, 0.38042736053466797, 0.3834950923919678, 0.3850290775299072, 0.3850290775299072, 0.3834950923919678, 0.3850290775299072, 0.39116501808166504, 0.3957669734954834, 0.3896310329437256, 0.3834950923919678, 0.3098640441894531, 0.2914564609527588, 0.13192224502563477, 0.15186405181884766, 0.26384472846984863, 0.31906795501708984, 0.3497476577758789, 0.3666214942932129, 0.36815547943115234, 0.36815547943115234, 0.37429141998291016, 0.3850290775299072, 0.3865630626678467, 0.3834950923919678, 0.3850290775299072, 0.3834950923919678, 0.3788933753967285, 0.36815547943115234, 0.3758254051208496, 0.38809704780578613, 0.38042736053466797, 0.38042736053466797, 0.39423298835754395, 0.3727574348449707, 0.3727574348449707, 0.3957669734954834, 0.3896310329437256, 0.3926990032196045, 0.4019029140472412, 0.408038854598999, 0.4126408100128174, 0.41417479515075684, 0.41110682487487793, 0.40650486946105957, 0.41110682487487793, 0.42031073570251465, 0.42337870597839355, 0.424912691116333, 0.4325826168060303, 0.4310486316680908, 0.4187767505645752, 0.40036892890930176, 0.39730095863342285, 0.40650486946105957, 0.408038854598999, 0.40036892890930176, 0.3896310329437256, 0.39116501808166504, 0.4019029140472412, 0.40650486946105957, 0.41110682487487793, 0.408038854598999, 0.41724276542663574, 0.42031073570251465, 0.41110682487487793, 0.4157087802886963, 0.4126408100128174, 0.4049708843231201, 0.4049708843231201, 0.4019029140472412, 0.3988349437713623, 0.4019029140472412, 0.4019029140472412, 0.40343689918518066, 0.4019029140472412, 0.40343689918518066, 0.39730095863342285, 0.38042736053466797, 0.3727574348449707, 0.3727574348449707, 0.3696894645690918, 0.3696894645690918, 0.36508750915527344, 0.363553524017334, 0.37429141998291016, 0.3788933753967285, 0.3788933753967285, 0.38042736053466797, 0.3834950923919678, 0.3758254051208496, 0.37122344970703125, 0.37122344970703125, 0.3788933753967285, 0.3896310329437256, 0.39423298835754395, 0.3957669734954834, 0.3957669734954834, 0.3896310329437256, 0.3896310329437256, 0.3926990032196045, 0.39730095863342285, 0.4049708843231201, 0.4095728397369385, 0.4126408100128174, 0.42644667625427246, 0.424912691116333, 0.42031073570251465, 0.41417479515075684, 0.41417479515075684, 0.424912691116333, 0.4279806613922119, 0.42031073570251465, 0.41724276542663574, 0.41724276542663574, 0.4187767505645752, 0.41724276542663574, 0.4157087802886963, 0.4157087802886963, 0.41417479515075684, 0.41110682487487793, 0.41110682487487793, 0.4126408100128174, 0.41110682487487793, 0.4095728397369385, 0.4049708843231201, 0.3926990032196045, 0.3850290775299072, 0.3834950923919678, 0.37735939025878906, 0.39116501808166504, 0.3926990032196045, 0.3988349437713623, 0.40650486946105957, 0.40036892890930176, 0.3957669734954834, 0.38809704780578613, 0.3666214942932129, 0.37122344970703125, 0.3727574348449707, 0.3758254051208496, 0.38042736053466797, 0.38042736053466797, 0.3896310329437256, 0.39423298835754395, 0.39423298835754395, 0.39116501808166504, 0.39116501808166504, 0.39423298835754395, 0.39730095863342285, 0.3988349437713623, 0.3988349437713623, 0.39423298835754395, 0.3926990032196045, 0.3957669734954834, 0.39730095863342285, 0.3834950923919678, 0.3696894645690918, 0.3727574348449707, 0.3727574348449707, 0.3850290775299072, 0.4126408100128174, 0.4157087802886963, 0.3988349437713623, 0.40036892890930176, 0.3788933753967285, 0.3758254051208496, 0.37122344970703125, 0.35741758346557617, 0.3558835983276367, 0.3696894645690918, 0.3788933753967285, 0.3865630626678467, 0.3896310329437256, 0.39423298835754395, 0.3926990032196045, 0.3896310329437256, 0.3865630626678467, 0.3850290775299072, 0.3834950923919678, 0.38809704780578613, 0.3865630626678467, 0.3834950923919678, 0.37735939025878906, 0.37429141998291016, 0.363553524017334, 0.363553524017334, 0.363553524017334, 0.36508750915527344, 0.37122344970703125, 0.3696894645690918, 0.36508750915527344, 0.3604855537414551, 0.35741758346557617, 0.3604855537414551, 0.35741758346557617, 0.3589515686035156, 0.3666214942932129, 0.3666214942932129, 0.363553524017334, 0.3727574348449707, 0.3788933753967285, 0.3865630626678467, 0.3988349437713623, 0.4019029140472412, 0.4049708843231201, 0.4049708843231201, 0.39423298835754395, 0.3896310329437256, 0.3896310329437256, 0.38809704780578613, 0.38042736053466797, 0.38042736053466797, 0.38042736053466797, 0.3850290775299072, 0.39730095863342285, 0.3988349437713623, 0.39730095863342285, 0.3834950923919678, 0.39423298835754395, 0.38809704780578613, 0.3896310329437256, 0.39116501808166504, 0.38042736053466797, 0.3758254051208496, 0.38042736053466797, 0.3666214942932129, 0.37122344970703125, 0.3788933753967285, 0.37735939025878906, 0.37122344970703125, 0.3727574348449707, 0.3758254051208496, 0.39116501808166504, 0.3957669734954834, 0.408038854598999, 0.4095728397369385, 0.40343689918518066, 0.3988349437713623, 0.39730095863342285, 0.3988349437713623, 0.3988349437713623, 0.4019029140472412, 0.4019029140472412, 0.3988349437713623, 0.39730095863342285, 0.3957669734954834, 0.3926990032196045, 0.3957669734954834, 0.38809704780578613, 0.3834950923919678, 0.38042736053466797, 0.3819613456726074, 0.37429141998291016, 0.3834950923919678, 0.3788933753967285, 0.3436117172241211, 0.3819613456726074, 0.38042736053466797, 0.3850290775299072, 0.38809704780578613, 0.3696894645690918, 0.3834950923919678, 0.3834950923919678, 0.38809704780578613, 0.39730095863342285, 0.39730095863342285, 0.3988349437713623, 0.3988349437713623, 0.4019029140472412, 0.4019029140472412, 0.40343689918518066, 0.4019029140472412, 0.3988349437713623, 0.3988349437713623, 0.39730095863342285, 0.3988349437713623, 0.3988349437713623, 0.40036892890930176, 0.4019029140472412, 0.3988349437713623, 0.3957669734954834, 0.39423298835754395, 0.39116501808166504, 0.3850290775299072, 0.3850290775299072, 0.3865630626678467, 0.39423298835754395, 0.40036892890930176, 0.40036892890930176, 0.3957669734954834, 0.39423298835754395, 0.3926990032196045, 0.3926990032196045, 0.38809704780578613, 0.3896310329437256, 0.3988349437713623, 0.4019029140472412, 0.40343689918518066, 0.4049708843231201, 0.4095728397369385, 0.4049708843231201, 0.3988349437713623, 0.39730095863342285, 0.39730095863342285, 0.3988349437713623, 0.40343689918518066, 0.4049708843231201, 0.4049708843231201, 0.40650486946105957, 0.408038854598999, 0.408038854598999, 0.4049708843231201, 0.3926990032196045, 0.39116501808166504, 0.3896310329437256, 0.3896310329437256, 0.37429141998291016, 0.3850290775299072, 0.3926990032196045, 0.38042736053466797, 0.38042736053466797, 0.39116501808166504, 0.3926990032196045, 0.39423298835754395, 0.38809704780578613, 0.39423298835754395, 0.39116501808166504, 0.39423298835754395, 0.39730095863342285, 0.4019029140472412, 0.4019029140472412, 0.4019029140472412, 0.40036892890930176, 0.39730095863342285, 0.3926990032196045, 0.3834950923919678, 0.3819613456726074, 0.38042736053466797, 0.38042736053466797, 0.3819613456726074, 0.3819613456726074, 0.3819613456726074, 0.38809704780578613, 0.3896310329437256, 0.37735939025878906, 0.36815547943115234, 0.36201953887939453, 0.3558835983276367, 0.35434961318969727, 0.35128164291381836, 0.3497476577758789, 0.34821367263793945, 0.35128164291381836, 0.3558835983276367, 0.3589515686035156, 0.3589515686035156, 0.3589515686035156, 0.3589515686035156, 0.3589515686035156, 0.3589515686035156, 0.3589515686035156, 0.3589515686035156, 0.3589515686035156, 0.3558835983276367, 0.3466796875, 0.32827186584472656, 0.29605841636657715, 0.2914564609527588, 0.268446683883667, 0.26691269874572754, 0.2653787136077881, 0.26998066902160645, 0.26998066902160645, 0.2653787136077881, 0.2607767581939697, 0.2546408176422119, 0.2485048770904541, 0.25003886222839355, 0.251572847366333, 0.251572847366333, 0.251572847366333, 0.2546408176422119, 0.2577087879180908, 0.2592427730560303, 0.2592427730560303, 0.2623107433319092, 0.2653787136077881, 0.26691269874572754, 0.26998066902160645, 0.27304863929748535, 0.27304863929748535, 0.27304863929748535, 0.2715146541595459, 0.2715146541595459, 0.2715146541595459, 0.27611660957336426
0.13100004196166992, 0.309999942779541, 0.5079998970031738, 0.684999942779541, 1.0189998149871826, 1.2359998226165771, 1.4559998512268066, 1.6649999618530273, 1.8589999675750732, 2.047999858856201, 2.248999834060669, 2.43999981880188, 2.622999906539917, 2.804999828338623, 2.990999937057495, 3.177000045776367, 3.383999824523926, 3.5950000286102295, 3.806999921798706, 3.993000030517578, 4.20799994468689, 4.408999919891357, 4.605000019073486, 4.790999889373779, 4.99399995803833, 5.188999891281128, 5.516999959945679, 5.730999946594238, 5.925999879837036, 6.1549999713897705, 6.336999893188477, 6.526000022888184, 6.75600004196167, 6.940999984741211, 7.136999845504761, 7.33899998664856, 7.5329999923706055, 7.7149999141693115, 7.914999961853027, 8.108000040054321, 8.312999963760376, 8.508999824523926, 8.688999891281128, 8.88100004196167, 9.083999872207642, 9.296000003814697, 9.480999946594238, 9.67799997329712, 10.021999835968018, 10.217000007629395, 10.412999868392944, 10.599999904632568, 10.797999858856201, 10.996999979019165, 11.168999910354614, 11.366999864578247, 11.565999984741211, 11.79699993133545, 11.98199987411499, 12.191999912261963, 12.376999855041504, 12.556999921798706, 12.759999990463257, 13.008999824523926, 13.157999992370605, 13.402999877929688, 13.5239999294281, 13.704999923706055, 13.906999826431274, 14.089999914169312, 14.434000015258789, 14.6489999294281, 14.84500002861023, 15.026000022888184, 15.212999820709229, 15.41100001335144, 15.608000040054321, 15.791999816894531, 15.980999946594238, 16.177000045776367, 16.401000022888184, 16.592999935150146, 16.793999910354614, 16.98799991607666, 17.171000003814697, 17.369999885559082, 17.546000003814697, 17.75, 17.938999891281128, 18.138000011444092, 18.310999870300293, 18.645999908447266, 18.883999824523926, 19.072999954223633, 19.25499987602234, 19.43999981880188, 19.651999950408936, 19.83899998664856, 20.050999879837036, 20.250999927520752, 20.450000047683716, 20.64299988746643, 20.855000019073486, 21.063999891281128, 21.26099991798401, 21.448999881744385, 21.645999908447266, 21.85800004005432, 22.056999921798706, 22.23799991607666, 22.438999891281128, 22.644999980926514, 22.83399987220764, 23.15999984741211, 23.37399983406067, 23.57200002670288, 23.799000024795532, 23.994999885559082, 24.188999891281128, 24.394999980926514, 24.603999853134155, 24.800999879837036, 24.97000002861023, 25.168999910354614, 25.382999897003174, 25.567999839782715, 25.770999908447266, 25.98199987411499, 26.19599986076355, 26.411999940872192, 26.621999979019165, 26.805999994277954, 26.996000051498413, 27.207000017166138, 27.39199995994568, 27.730000019073486, 27.91599988937378, 28.132999897003174, 28.335999965667725, 28.526000022888184, 28.727999925613403, 28.91100001335144, 29.11899995803833, 29.32699990272522, 29.53600001335144, 29.747999906539917, 29.930999994277954, 30.128000020980835, 30.322999954223633, 30.513999938964844, 30.710000038146973, 30.92199993133545, 31.10800004005432, 31.30399990081787, 31.508999824523926, 31.687999963760376, 32.02199983596802, 32.223999977111816, 32.42799997329712, 32.639999866485596, 32.823999881744385, 33.007999897003174, 33.18999981880188, 33.39299988746643, 33.5789999961853, 33.781999826431274, 33.98899984359741, 34.19099998474121, 34.37999987602234, 34.55900001525879, 34.74199986457825, 34.92999982833862, 35.14199995994568, 35.3289999961853, 35.54199981689453, 35.723999977111816, 35.91499996185303, 36.128000020980835, 36.47699999809265, 36.66499996185303, 36.86699986457825, 37.06499981880188, 37.27499985694885, 37.48099994659424, 37.664000034332275, 37.865999937057495, 38.08099985122681, 38.28399991989136, 38.48599982261658, 38.67899990081787, 38.89100003242493, 39.092000007629395, 39.27799987792969, 39.48899984359741, 39.67400002479553, 39.859999895095825, 40.109999895095825, 40.26099991798401, 40.47499990463257, 40.81399989128113, 41.001999855041504, 41.21299982070923, 41.39800000190735, 41.639999866485596, 41.83999991416931, 42.04299998283386, 42.22499990463257, 42.430999994277954, 42.62599992752075, 42.812000036239624, 43.049999952316284, 43.20799994468689, 43.3989999294281, 43.60899996757507, 43.86500000953674, 44.06399989128113, 44.18999981880188, 44.37899994850159, 44.579999923706055, 44.794999837875366, 44.98799991607666, 45.3199999332428, 45.526000022888184, 45.71399998664856, 45.89999985694885, 47.17999982833862, 47.25099992752075, 47.282999992370605, 47.3529999256134, 47.50499987602234, 47.60800004005432, 47.67400002479553, 47.74899983406067, 47.92700004577637, 48.00099992752075, 48.1949999332428, 48.29199981689453, 48.49799990653992, 48.69799995422363, 48.89100003242493, 49.09299993515015, 49.29099988937378, 49.48300004005432, 49.80299997329712, 50.01199984550476, 50.22599983215332, 50.42700004577637, 50.60899996757507, 50.805999994277954, 50.990999937057495, 51.198999881744385, 51.40400004386902, 51.58899998664856, 51.787999868392944, 51.97199988365173, 52.18299984931946, 52.35199999809265, 52.53600001335144, 52.72000002861023, 52.90599989891052, 53.103999853134155, 53.30200004577637, 53.501999855041504, 53.6710000038147, 53.87299990653992, 54.21399998664856, 54.424999952316284, 54.626999855041504, 54.82699990272522, 55.02499985694885, 55.22499990463257, 55.4229998588562, 55.60899996757507, 55.7960000038147, 55.99199986457825, 56.18400001525879, 56.39699983596802, 56.60599994659424, 56.805999994277954, 57.001999855041504, 57.175999879837036, 57.37299990653992, 57.57099986076355, 57.75399994850159, 57.94199991226196, 58.13699984550476, 58.44700002670288, 58.64800000190735, 58.859999895095825, 59.08799982070923, 59.29099988937378, 59.47599983215332, 59.65999984741211, 59.86099982261658, 60.09699988365173, 60.287999868392944, 60.5, 60.681999921798706, 60.871999979019165, 61.05799984931946, 61.24300003051758, 61.42400002479553, 61.60800004005432, 61.79199981689453, 61.99000000953674, 62.18899989128113, 62.389999866485596, 62.592000007629395, 62.95099997520447, 63.194000005722046, 63.39999985694885, 63.60800004005432, 63.7960000038147, 64.06900000572205, 64.21599984169006, 64.40999984741211, 64.61199998855591, 64.82599997520447, 65.04199981689453, 65.25399994850159, 65.44099998474121, 65.63899993896484, 65.82099986076355, 66.00799989700317, 66.2059998512268, 66.3899998664856, 66.59299993515015, 66.80799984931946, 67.00699996948242, 67.36500000953674, 67.55599999427795, 67.74199986457825, 67.94199991226196, 68.13399982452393, 68.33399987220764, 68.54399991035461, 68.73499989509583, 68.91699981689453, 69.12100005149841, 69.29900002479553, 69.47899985313416, 69.66699981689453, 69.86699986457825, 70.04999995231628, 70.23599982261658, 70.43499994277954, 70.67700004577637, 70.86699986457825, 71.03799986839294, 71.23599982261658, 71.41899991035461, 71.74399995803833, 71.95299983024597, 72.15100002288818, 72.36899995803833, 72.57299995422363, 72.7649998664856, 72.96399998664856, 73.17999982833862, 73.38699984550476, 73.57200002670288, 73.79699993133545, 73.99300003051758, 74.18899989128113, 74.38599991798401, 74.57299995422363, 74.80200004577637, 75.00600004196167, 75.16799998283386, 75.38800001144409, 75.53399991989136, 75.73099994659424, 75.91999983787537, 76.10199999809265, 76.3069999217987, 76.48899984359741, 76.8309998512268, 77.02499985694885, 77.34299993515015, 77.58599996566772, 77.63599991798401, 77.83500003814697, 78.03499984741211, 78.25399994850159, 78.4210000038147, 78.63299989700317, 78.81299996376038, 79.01799988746643, 79.43700003623962, 79.54099988937378, 79.71599984169006, 79.80599999427795, 80.02199983596802, 80.18799996376038, 80.39699983596802, 80.61899995803833, 80.83799982070923, 81.07999992370605, 81.21099996566772, 81.54099988937378, 81.72899985313416, 81.94299983978271, 82.1399998664856, 82.33799982070923, 82.52300000190735, 82.72300004959106, 82.9210000038147, 83.11999988555908, 83.33399987220764, 83.53199982643127, 83.72300004959106, 83.9229998588562, 84.1029999256134, 84.31399989128113, 84.49699997901917, 84.66999983787537, 84.86999988555908, 85.05200004577637, 85.25499987602234, 85.46399998664856, 85.8069999217987, 86.03900003433228, 86.18700003623962, 86.57399988174438, 86.74699997901917, 86.78499984741211, 86.96799993515015, 87.33299994468689, 87.3899998664856, 87.5699999332428, 87.78499984741211, 87.99600005149841, 88.19199991226196, 88.39999985694885, 88.5920000076294, 88.81299996376038, 89.00899982452393, 89.20499992370605, 89.40299987792969, 89.61099982261658, 89.80499982833862, 90.0019998550415, 90.35500001907349, 90.53900003433228, 90.72499990463257, 90.90899991989136, 91.10599994659424, 91.30399990081787, 91.50300002098083, 91.68899989128113, 91.90599989891052, 92.1029999256134, 92.31399989128113, 92.50499987602234, 92.70299983024597, 92.90299987792969, 93.10399985313416, 93.30200004577637, 93.48699998855591, 93.66999983787537, 93.86999988555908, 94.05200004577637, 94.24000000953674, 94.43499994277954, 94.78600001335144, 94.96799993515015, 95.20199990272522, 95.38899993896484, 95.58599996566772, 95.7279999256134, 95.91199994087219, 96.13299989700317, 96.33999991416931, 96.53999996185303, 96.74300003051758, 96.95299983024597, 97.15999984741211, 97.35599994659424, 97.57099986076355, 97.77600002288818, 97.97300004959106, 98.1729998588562, 98.38800001144409, 98.5699999332428, 98.7739999294281, 99.0789999961853, 99.30799984931946, 99.5, 99.68400001525879, 99.8989999294281, 100.06900000572205, 100.30399990081787, 100.5699999332428, 100.72300004959106, 100.87199997901917, 101.05499982833862, 101.46399998664856, 101.73399996757507, 101.9229998588562, 101.9779999256134, 102.07399988174438, 102.22300004959106, 102.42199993133545, 102.62299990653992, 102.83399987220764, 102.99499988555908, 103.19199991226196, 103.50300002098083, 103.69899988174438, 103.86699986457825, 104.08799982070923, 104.29900002479553, 104.49600005149841, 104.68499994277954, 104.87800002098083, 105.08500003814697, 105.29999995231628, 105.49699997901917, 105.68499994277954, 105.8899998664856, 106.09800004959106, 106.30200004577637, 106.50099992752075, 106.7059998512268, 106.90199995040894, 107.09599995613098, 107.27799987792969, 107.47599983215332, 107.65400004386902, 107.97699999809265, 108.18999981880188, 108.38899993896484, 108.59099984169006, 108.79299998283386, 108.99399995803833, 109.20700001716614, 109.4079999923706, 109.60599994659424, 109.80599999427795, 110.00899982452393, 110.20700001716614, 110.39199995994568, 110.5939998626709, 110.77600002288818, 110.97699999809265, 111.17499995231628, 111.37299990653992, 111.57500004768372, 111.77699995040894, 111.98799991607666, 112.3420000076294, 112.54699993133545, 112.74199986457825, 112.93400001525879, 113.12199997901917, 113.31900000572205, 113.50300002098083, 113.70099997520447, 113.88699984550476, 114.06799983978271, 114.2649998664856, 114.45499992370605, 114.64100003242493, 114.83899998664856, 115.04399991035461, 115.24499988555908, 115.4449999332428, 115.6579999923706, 115.85999989509583, 116.05599999427795, 116.24300003051758, 116.44199991226196, 116.7979998588562, 117.01099991798401, 117.19700002670288, 117.39699983596802, 117.59500002861023, 117.7960000038147, 117.98099994659424, 118.16799998283386, 118.36800003051758, 118.56699991226196, 118.75799989700317, 118.94700002670288, 119.13399982452393, 119.32999992370605, 119.51899981498718, 119.72099995613098, 119.9210000038147, 120.13599991798401, 120.33200001716614, 120.52099990844727, 120.7039999961853, 121.04499983787537, 121.29399991035461, 121.5019998550415, 121.68899989128113, 121.90299987792969, 122.09999990463257, 122.29199981689453, 122.4670000076294, 122.66999983787537, 122.89599990844727, 123.10099983215332, 123.29699993133545, 123.48899984359741, 123.66799998283386, 123.8769998550415, 124.06299996376038, 124.2739999294281, 124.47699999809265, 124.65400004386902, 124.83599996566772, 125.02099990844727, 125.23499989509583, 125.58699989318848, 125.77199983596802, 125.95700001716614, 126.15599989891052, 126.35899996757507, 126.55399990081787, 126.74000000953674, 126.96799993515015, 127.12299990653992, 127.31699991226196, 127.51699995994568, 127.72499990463257, 127.91400003433228, 128.12599992752075, 128.32699990272522, 128.54099988937378, 128.74000000953674, 128.93899989128113, 129.1269998550415, 129.32299995422363, 129.50699996948242, 129.8550000190735, 130.05399990081787, 130.29699993133545, 130.52900004386902, 130.72499990463257, 130.90100002288818, 131.13199996948242, 131.34800004959106, 131.54399991035461, 131.73499989509583, 131.9319999217987, 132.1380000114441, 132.33699989318848, 132.5369999408722, 132.72399997711182, 132.9229998588562, 133.125, 133.31200003623962, 133.51199984550476, 133.6949999332428, 133.88199996948242, 134.07099986076355, 134.42199993133545, 134.61899995803833, 134.82500004768372, 135.0199999809265, 135.23399996757507, 135.41899991035461, 135.61999988555908, 135.84599995613098, 136.0279998779297, 136.2409999370575, 136.43999981880188, 136.6210000514984, 136.82799983024597, 137.0199999809265, 137.22099995613098, 137.49199986457825, 137.61899995803833, 137.91599988937378, 138.00300002098083, 138.2039999961853, 138.3899998664856, 138.72499990463257, 138.92799997329712, 139.12599992752075, 139.33799982070923, 139.52699995040894, 139.72399997711182, 139.91699981689453, 140.12399983406067, 140.32299995422363, 140.52099990844727, 140.72599983215332, 140.94400000572205, 141.14100003242493, 141.3399999141693, 141.54299998283386, 141.73099994659424, 141.93299984931946, 142.1269998550415, 142.32699990272522, 142.53099989891052, 142.7149999141693, 142.93499994277954, 143.30099987983704, 143.50799989700317, 143.71099996566772, 143.8949999809265, 144.08200001716614, 144.29900002479553, 144.48499989509583, 144.66799998283386, 144.90400004386902, 145.09500002861023, 145.28099989891052, 145.47699999809265, 145.65899991989136, 145.8439998626709, 146.04499983787537, 146.23300004005432, 146.42999982833862, 146.6159999370575, 146.80200004577637, 146.99300003051758, 147.17899990081787, 147.51799988746643, 147.7079999446869, 147.90699982643127, 148.10999989509583, 148.31499981880188, 148.510999917984, 148.72300004959106, 148.93299984931946, 149.1399998664856, 149.35399985313416, 149.54499983787537, 149.74199986457825, 149.9409999847412, 150.12999987602234, 150.31900000572205, 150.5199999809265, 150.72099995613098, 150.93899989128113, 151.12999987602234, 151.33399987220764, 151.52699995040894, 151.71199989318848, 152.0329999923706, 152.231999874115, 152.44400000572205, 152.64299988746643, 152.8309998512268, 153.0239999294281, 153.22399997711182, 153.43999981880188, 153.64100003242493, 153.8439998626709, 154.05299997329712, 154.2389998435974, 154.44299983978271, 154.65599989891052, 154.85199999809265, 155.03600001335144, 155.22399997711182, 155.42400002479553, 155.61999988555908, 155.80499982833862, 156.00799989700317, 156.35099983215332, 156.56200003623962, 156.77199983596802, 156.9960000514984, 157.19199991226196, 157.40199995040894, 157.58699989318848, 157.77600002288818, 157.99699997901917, 158.18499994277954, 158.3659999370575, 158.57399988174438, 158.77499985694885, 158.97699999809265, 159.17499995231628, 159.37299990653992, 159.5699999332428, 159.77600002288818, 159.97899985313416, 160.17799997329712, 160.39100003242493, 160.60199999809265, 160.93299984931946, 161.12199997901917, 161.32799983024597, 161.52199983596802, 161.72000002861023, 161.92199993133545, 162.1029999256134, 162.31699991226196, 162.5, 162.6949999332428, 162.86999988555908, 163.06699991226196, 163.24799990653992, 163.43799996376038, 163.63199996948242, 163.8159999847412, 164.03199982643127, 164.24300003051758, 164.42700004577637, 164.64100003242493, 164.82799983024597, 165.1840000152588, 165.3769998550415, 165.5590000152588, 165.76399993896484, 165.96099996566772, 166.17400002479553, 166.38499999046326, 166.5699999332428, 166.77600002288818, 166.99300003051758, 167.1909999847412, 167.40199995040894, 167.58599996566772, 167.7739999294281, 167.97000002861023, 168.1710000038147, 168.356999874115, 168.55599999427795, 168.73799991607666, 168.94199991226196, 169.12399983406067, 169.32500004768372, 169.66299986839294, 169.87199997901917, 170.07099986076355, 170.30200004577637, 170.50699996948242, 170.7079999446869, 170.90400004386902, 171.12800002098083, 171.28199982643127, 171.47099995613098, 171.6840000152588, 171.86299991607666, 172.03999996185303, 172.24000000953674, 172.4539999961853, 172.66799998283386, 172.8399999141693, 173.03999996185303, 173.24399995803833, 173.43899989128113, 173.63699984550476, 173.83699989318848, 174.16499996185303, 174.36299991607666, 174.5479998588562, 174.82200002670288, 174.93499994277954, 175.11999988555908, 175.3199999332428, 175.5130000114441, 175.68799996376038, 175.90599989891052, 176.13100004196167, 176.32200002670288, 176.5239999294281, 176.73399996757507, 176.93299984931946, 177.14299988746643, 177.33200001716614, 177.53199982643127, 177.74399995803833, 177.95499992370605, 178.1399998664856, 178.32399988174438, 178.6449999809265, 178.856999874115, 179.0569999217987, 179.30099987983704, 179.50300002098083, 179.68499994277954, 179.89100003242493, 180.08899998664856, 180.29499983787537, 180.5039999485016, 180.68700003623962, 180.87800002098083, 181.09099984169006, 181.30599999427795, 181.49199986457825, 181.67899990081787, 181.87800002098083, 182.0899999141693, 182.28999996185303, 182.46599984169006, 182.6489999294281, 182.82699990272522, 183.1619999408722, 183.3550000190735, 183.56699991226196, 183.76799988746643, 183.9649999141693, 184.16400003433228, 184.37599992752075, 184.55999994277954, 184.74699997901917, 184.92700004577637, 185.13699984550476, 185.34299993515015, 185.56299996376038, 185.7630000114441, 185.97499990463257, 186.18999981880188, 186.39599990844727, 186.59099984169006, 186.7829999923706, 186.981999874115, 187.19199991226196, 187.39299988746643, 187.7300000190735, 187.97300004959106, 188.16299986839294, 188.3619999885559, 188.55999994277954, 188.7630000114441, 188.96199989318848, 189.17499995231628, 189.4889998435974, 189.6029999256134, 189.7300000190735, 190.0369999408722, 190.11299991607666, 190.32500004768372, 190.5239999294281, 190.71099996566772, 190.89699983596802, 191.10999989509583, 191.32500004768372, 191.52199983596802, 191.72000002861023, 191.91999983787537, 192.24399995803833, 192.4449999332428, 192.63499999046326, 192.8309998512268, 193.03399991989136, 193.24399995803833, 193.44199991226196, 193.63199996948242, 193.84500002861023, 194.05299997329712, 194.2300000190735, 194.43099999427795, 194.63199996948242, 194.8309998512268, 195.01600003242493, 195.25099992752075, 195.42700004577637, 195.6119999885559, 195.7829999923706, 195.99899983406067, 196.19400000572205, 196.510999917984, 196.7189998626709, 196.92199993133545, 197.12800002098083, 197.3329999446869, 197.5239999294281, 197.73300004005432, 197.92899990081787, 198.13899993896484, 198.3309998512268, 198.5239999294281, 198.7300000190735, 198.91599988937378, 199.11899995803833, 199.3159999847412, 199.5130000114441, 199.7039999961853, 199.89999985694885, 200.10099983215332, 200.29900002479553, 200.51199984550476, 200.72499990463257, 201.06699991226196, 201.28199982643127, 201.49300003051758, 201.66400003433228, 201.8639998435974, 202.07299995422363, 202.24799990653992, 202.43099999427795, 202.63299989700317, 202.83399987220764, 203.02999997138977, 203.2279999256134, 203.41299986839294, 203.6029999256134, 203.81499981880188, 204.0149998664856, 204.19899988174438, 204.38399982452393, 204.57299995422363, 204.77300000190735, 204.97199988365173, 205.1710000038147, 205.51699995994568, 205.72099995613098, 205.91799998283386, 206.10599994659424, 206.35099983215332, 206.5479998588562, 206.75300002098083, 206.96399998664856, 207.14999985694885, 207.3399999141693, 207.55399990081787, 207.75, 207.93299984931946, 208.11899995803833, 208.30599999427795, 208.5039999485016, 208.6909999847412, 208.90699982643127, 209.106999874115, 209.28600001335144, 209.47199988365173, 209.82500004768372, 210.14199995994568, 210.2189998626709, 210.41899991035461, 210.62199997901917, 210.79199981689453, 210.99699997901917, 211.20899987220764, 211.39399981498718, 211.58799982070923, 211.78999996185303, 211.99799990653992, 212.18700003623962, 212.37599992752075, 212.58399987220764, 212.72899985313416, 212.92999982833862, 213.11899995803833, 213.35999989509583, 213.54900002479553, 213.70299983024597, 213.91699981689453, 214.25999999046326, 214.4670000076294, 214.64999985694885, 214.83599996566772, 215.03399991989136, 215.2170000076294, 215.41400003433228, 215.58200001716614, 215.7699999809265, 215.99300003051758, 216.19199991226196, 216.4029998779297, 216.58699989318848, 216.78600001335144, 216.98799991607666, 217.18700003623962, 217.44299983978271, 217.59999990463257, 217.78399991989136, 217.96399998664856, 218.1729998588562, 218.3880000114441, 218.72399997711182, 218.91999983787537, 219.1289999485016, 219.31900000572205, 219.50600004196167, 219.69799995422363, 219.89599990844727, 220.106999874115, 220.29999995231628, 220.510999917984, 220.97099995613098, 221.03900003433228, 221.21000003814697, 221.32699990272522, 221.53799986839294, 221.89100003242493, 221.92599987983704, 222.12199997901917, 222.32200002670288, 222.72000002861023, 222.78799986839294, 223.0899999141693, 223.29099988937378, 223.4909999370575, 223.68700003623962, 223.89299988746643, 224.08399987220764, 224.26799988746643, 224.48499989509583, 224.69899988174438, 224.8989999294281, 225.09299993515015, 225.29299998283386, 225.50799989700317, 225.72099995613098, 225.93499994277954, 226.135999917984, 226.30299997329712, 226.49000000953674, 226.70299983024597, 226.92999982833862, 227.07099986076355, 227.32299995422363, 227.60599994659424, 227.80299997329712, 228.01199984550476, 228.2409999370575, 228.4340000152588, 228.63299989700317, 228.81799983978271, 229.01699995994568, 229.27699995040894, 229.39599990844727, 229.57799983024597, 229.76799988746643, 229.9559998512268, 230.13199996948242, 230.33699989318848, 230.53199982643127, 230.7409999370575, 230.93499994277954, 231.13699984550476, 231.3329999446869, 231.51799988746643, 231.8550000190735, 232.06299996376038, 232.26799988746643, 232.49499988555908, 232.6619999408722, 232.91400003433228, 233.02099990844727, 233.20700001716614, 233.4079999923706, 233.59500002861023, 233.79999995231628, 234.00099992752075, 234.1859998703003, 234.385999917984, 234.56499981880188, 234.74899983406067, 234.94899988174438, 235.14800000190735, 235.31799983978271, 235.5349998474121, 235.7409999370575, 235.93700003623962, 236.25999999046326, 236.44799995422363, 236.64399981498718, 236.83399987220764, 237.03799986839294, 237.23399996757507, 237.4340000152588, 237.6159999370575, 237.79499983787537, 237.981999874115, 238.15100002288818, 238.35199999809265, 238.55499982833862, 238.76600003242493, 238.9689998626709, 239.1819999217987, 239.3639998435974, 239.5369999408722, 239.7369999885559, 239.93700003623962, 240.1380000114441, 240.48399996757507, 240.67799997329712, 240.86099982261658, 241.04999995231628, 241.2960000038147, 241.49499988555908, 241.69599986076355, 241.8769998550415, 242.09599995613098, 242.27600002288818, 242.46199989318848, 242.63899993896484, 242.83799982070923, 243.02999997138977, 243.2279999256134, 243.4340000152588, 243.64399981498718, 243.84500002861023, 244.04900002479553, 244.25600004196167, 244.45199990272522, 244.65599989891052, 245.0149998664856, 245.21000003814697, 245.45199990272522, 245.64100003242493, 245.84500002861023, 246.0590000152588, 246.2539999485016, 246.45700001716614, 246.65100002288818, 246.8399999141693, 247.03399991989136, 247.22499990463257, 247.41100001335144, 247.59800004959106, 247.78399991989136, 247.9670000076294, 248.1529998779297, 248.35199999809265, 248.50899982452393, 248.80299997329712, 248.87199997901917, 249.0569999217987
